6873	6756	2315	
5996	2357	4038	
1724	1298	5019	
105	1430	1902	
754	7093	5369	
8543	9863	6628	
6710	8383	7394	
7805	8975	5877	
8944	2043	5755	
5111	562	2252	
2514	9148	962	
5989	8875	9135	
173	1331	9904	
9872	5249	4556	
2938	4501	5540	
6708	9919	1438	
3470	1964	724	
2998	8373	5636	
9216	5749	1619	
6385	8160	1427	
5830	8618	2368	
3638	435	1916	
1964	6668	6904	
5966	7011	5252	
8557	542	5653	
5015	7990	442	
4233	3716	4552	
9803	6062	313	
9541	8428	5340	
1118	5238	6216	
1893	123	9332	
3569	7613	2025	
6642	2269	7827	
1414	7579	8843	
1483	5538	6323	
5876	9610	3463	
4749	8060	2429	
6549	9513	1879	
3014	8795	375	
7096	9269	5698	
5069	117	3151	
8227	6432	8966	
1101	5721	3442	
8621	1075	4385	
6649	4159	7803	
9630	5688	4576	
1581	1321	1660	
4301	3950	9141	
1541	1731	6931	
6176	7119	1373	
5232	7238	9564	
9370	2001	5344	
8304	2909	7907	
1354	5208	1022	
9200	8657	2439	
6382	1446	7915	
1727	1112	1155	
577	216	5234	
6751	711	3265	
3603	934	2621	
8160	9966	9153	
8846	5895	6013	
719	9605	5173	
6121	4181	303	
9526	9445	9967	
7979	8841	7163	
4466	5230	7276	
1358	6848	9332	
3813	9183	8278	
4929	7855	9178	
7973	4821	7439	
624	283	8349	
9459	6752	2254	
134	5702	9103	
4821	5373	338	
7495	675	7474	
8658	2251	4225	
4651	8451	1288	
9606	4005	8471	
7574	2533	8741	
2293	78	5524	
7692	416	4759	
8100	9961	7282	
1881	3346	7160	
5253	370	7097	
2520	2255	1974	
2065	5306	5831	
8337	2776	1798	
5112	616	939	
8904	6065	3070	
8466	7175	6374	
9010	4085	2534	
1718	7510	9551	
6804	6346	9114	
350	270	6903	
7223	8499	7956	
7888	3784	1388	
5624	4028	850	
1275	786	9727	
532	4787	1585	
8375	7609	4447	
1597	3878	458	
3055	88	1830	
8593	6975	3859	
6750	665	6198	
5260	5808	6529	
9592	9364	1900	
1967	6472	8815	
3988	3441	9502	
6229	7533	6382	
2129	2869	1887	
9627	5953	1353	
4889	7194	259	
7221	740	2365	
6506	9065	7906	
7000	3710	1958	
4419	7349	7452	
5197	8052	4624	
7194	2099	1828	
5715	4069	6881	
3332	7148	2169	
2519	8811	8361	
5692	6049	9459	
4566	7111	8513	
8868	430	4306	
3084	9578	3837	
3563	2273	6597	
742	579	9971	
9341	9200	5109	
2024	7984	891	
1732	9803	4058	
817	4368	6060	
6160	5559	5044	
1206	3241	9666	
127	9841	5081	
2519	589	3438	
3242	4059	1441	
4880	682	4121	
5217	218	8428	
4226	8734	2707	
3339	5230	4223	
2646	7154	2896	
7049	9958	3745	
5224	9837	911	
2701	1922	766	
248	6327	1804	
9709	8388	183	
8277	2547	2711	
645	4673	9498	
3046	2899	3273	
2520	6919	2474	
6575	6169	920	
9184	8943	1448	
9707	227	4289	
1083	9375	5957	
9514	9880	5946	
8132	1186	7911	
8706	7076	8561	
8005	731	5259	
5443	3585	6042	
7192	2939	6760	
5624	2209	5603	
4664	6083	7560	
1297	7746	8158	
2682	8741	2625	
4889	6708	5327	
3186	9899	6706	
9421	3631	2827	
4661	3378	2268	
6639	9807	5074	
7644	8971	414	
5866	6720	7659	
8211	7821	158	
5100	3439	2409	
4779	404	9625	
6905	4005	8114	
5806	9667	399	
8000	1797	5520	
5449	9093	6734	
428	2411	4439	
7702	7507	3918	
3165	6105	5916	
5543	4211	549	
290	1585	7047	
3143	9677	6198	
5136	6613	7360	
8217	7342	263	
3467	9987	2716	
9522	2176	9769	
8530	3987	9747	
5734	9175	6532	
6154	9466	9060	
606	5668	2590	
3444	11	4502	
8339	1303	8054	
2400	1255	918	
9074	7662	5635	
5392	964	8251	
6643	1443	2157	
32	3570	8375	
4520	7274	4658	
884	6589	2618	
2069	6963	9967	
7958	1916	8978	
9720	1148	2841	
3617	9375	8358	
274	9754	291	
6633	1061	8894	
9575	5511	5314	
4218	8858	2869	
4874	2616	2849	
8951	3570	5249	
308	2727	308	
4896	1570	3269	
9954	402	3873	
4824	1847	8346	
9606	6163	5564	
7329	3917	403	
5060	6490	1334	
3108	7957	8835	
7932	1874	3939	
7608	9235	8669	
8507	642	2302	
2391	2473	7085	
2522	6695	6854	
7639	4602	1440	
7265	323	6063	
3579	5257	1614	
9060	1904	7604	
2137	6340	7300	
7663	4388	8152	
7996	2051	380	
7505	528	5008	
1868	8542	5355	
2233	7647	7483	
6159	7979	3573	
2182	6501	2203	
5747	5695	3506	
1643	725	587	
9525	3161	5567	
5653	9916	2933	
4097	2562	4327	
8332	9176	2255	
7652	4341	9473	
2489	1865	3128	
1273	7609	7505	
5398	8896	1610	
6109	4761	797	
6536	6748	7033	
90	8487	9333	
2695	9599	2253	
5873	6490	3724	
4973	8454	8739	
5744	8193	4365	
2495	2935	1187	
2613	2650	993	
1752	1793	6842	
9677	4409	2476	
3279	1028	3168	
9741	452	3458	
7036	7285	754	
6382	9632	9349	
7890	9419	5310	
9309	2957	3640	
747	3167	3762	
2242	5727	3714	
5970	7401	540	
275	7356	8911	
9385	261	6624	
6877	3274	4601	
6338	9568	3837	
5945	3117	9792	
659	318	5266	
8306	3992	6689	
5484	2611	578	
9534	7216	6868	
6146	5221	6550	
5910	4602	3467	
9358	3627	2380	
3917	8770	6972	
1034	4004	4199	
1720	9615	244	
3998	7449	3128	
7966	6269	9443	
6113	5398	853	
1958	7464	4350	
1439	9635	9744	
6881	40	6412	
8373	8845	8103	
7731	4038	3959	
167	8628	1620	
3922	7429	6655	
1525	9642	7576	
9837	2885	9883	
8151	3076	9114	
1935	5739	2549	
8227	388	1059	
5123	2077	2971	
2366	5422	3457	
6157	9	7709	
92	2360	1524	
2506	6044	4839	
8643	7272	6276	
1088	1662	8223	
4573	8135	8933	
8232	5802	6752	
1684	7812	3078	
194	1663	1206	
2316	4374	1914	
9825	5810	6895	
4760	5820	5314	
5235	6270	4323	
7238	6231	5906	
6423	5008	8378	
1237	1445	9012	
3000	1227	4275	
1795	942	6467	
2567	6821	7085	
1127	7042	3857	
6087	9682	7561	
588	5975	6504	
1685	5276	9933	
7	5440	5543	
5879	1848	9136	
7037	3259	1410	
6081	4559	9808	
9035	7978	8186	
2013	556	1649	
2260	5657	6480	
4858	7666	4674	
9752	8154	947	
3801	5166	1371	
13	4010	6772	
7688	3538	681	
2857	5912	766	
1992	2007	5367	
8736	7221	9100	
3600	3234	6928	
4226	4615	5623	
2698	829	7506	
8033	2090	6913	
5592	3436	6073	
6990	8386	7386	
5085	7689	6110	
2171	5954	8312	
2562	2648	1892	
2537	4333	4797	
4026	495	2265	
4801	8700	7738	
2941	8787	3157	
419	2527	3778	
403	8257	1990	
4761	5867	474	
8654	7270	570	
2906	6069	822	
8806	4505	1250	
5070	6852	540	
2853	3960	66	
2554	6921	7224	
4836	425	6950	
810	1916	805	
900	1051	5458	
844	4554	1376	
6979	5321	7396	
6518	1110	7690	
6402	1239	5658	
2240	8893	5942	
6619	436	4676	
6231	8403	3744	
5781	7054	9341	
5665	7944	3442	
4148	1399	2437	
6030	2506	3606	
9542	6916	5894	
3116	4454	9214	
9429	1807	8681	
6482	3712	1826	
2165	4497	5870	
5636	7326	4189	
7136	4278	3104	
4165	6570	999	
3701	9710	7138	
6302	4102	175	
7137	7890	4254	
1513	6086	4553	
9771	1345	1818	
9404	7117	7260	
6574	1747	1	
566	688	4802	
5143	766	5165	
6975	9406	8210	
1344	8719	2834	
3650	7848	2685	
1196	5380	744	
3062	3192	3427	
6232	2164	3652	
4420	6921	5828	
3764	7864	9350	
8374	1746	7351	
6726	4193	3202	
8239	2077	9152	
6308	9384	3618	
2541	6163	5011	
9132	4520	8762	
8959	2373	6405	
2230	6327	5345	
7695	7191	6203	
6343	9548	4224	
3146	8718	5711	
7278	5913	8291	
4980	2613	2962	
3862	6412	8917	
60	2245	1109	
5995	3203	4640	
6564	8692	9364	
508	8898	7917	
6056	995	7713	
7479	4986	7832	
1817	8662	1446	
712	3475	3720	
5871	1948	6657	
3858	6861	987	
7335	2037	3442	
460	2043	5136	
824	6714	2869	
7871	4568	6640	
706	8433	1289	
4339	9371	264	
1796	6767	6029	
3450	8560	6186	
5205	9652	7678	
9156	6346	1645	
4531	9472	2086	
3784	7677	7756	
6594	6628	3716	
4860	830	2958	
223	7030	9834	
6022	9088	3766	
6179	4575	9917	
225	365	4335	
5772	3990	121	
390	6778	1664	
7860	8620	7224	
9737	8141	3155	
8754	777	2960	
4044	8717	3692	
8131	8917	6845	
1649	6028	5552	
7984	7102	2989	
6798	3163	161	
1757	4842	9999	
1826	5012	8051	
5558	4052	5715	
1521	4208	7754	
878	409	4261	
598	1015	2507	
8886	5788	9688	
537	6773	1318	
8669	4674	7853	
689	3803	1068	
9568	6596	1505	
4431	7867	5760	
6346	8094	7192	
8211	7947	9857	
7359	9255	4943	
462	1593	6327	
4077	8503	1012	
6850	194	3228	
1100	8504	2609	
8225	3548	9713	
5988	1930	8560	
6141	5741	2706	
8262	118	4989	
2539	97	8498	
368	8784	6778	
8004	9524	2743	
419	8610	5604	
9474	5065	7665	
309	8580	7190	
652	9068	5169	
9087	1764	2825	
5214	8017	1473	
5781	8919	7987	
7799	6691	6959	
4168	8004	438	
2738	579	2789	
4527	2295	8775	
9576	1985	2209	
3226	9180	9396	
949	2646	1893	
8817	1541	7372	
7996	1536	5515	
6549	1683	2380	
5633	4006	2854	
5168	4013	6799	
1853	9873	6923	
8416	4702	423	
50	6248	8111	
3096	1016	6396	
4393	8259	7985	
6225	6344	4198	
9587	5862	9407	
1405	1189	272	
744	3528	2277	
2451	793	3655	
7241	9738	3378	
9572	4958	3636	
5843	2877	1516	
2427	2507	5293	
4683	9202	3339	
1127	8558	7770	
601	8830	2077	
6961	1536	195	
2192	5752	1444	
731	9207	1503	
5603	5420	6808	
2095	6503	4229	
4384	6595	4792	
1879	9354	5268	
9247	2052	3229	
7216	4086	4931	
15	758	4298	
3452	3640	5185	
2514	7030	961	
7423	3786	2363	
8011	1036	5448	
6388	2796	512	
879	2902	9269	
4721	7026	8233	
6943	5670	7424	
7169	739	3482	
3997	9595	3784	
6441	7986	2166	
3623	5514	5899	
3435	4251	4713	
6158	5626	3269	
7904	6972	5906	
5867	1041	3359	
8333	672	5491	
6691	8438	2319	
2790	8465	9256	
7985	9956	6998	
2100	6670	6135	
3	3854	5152	
4753	3198	965	
2611	124	965	
7341	2312	9870	
4498	7611	57	
5352	3978	2220	
9623	7099	5216	
5874	7567	3800	
3127	8668	5595	
6499	7588	2369	
4132	515	7026	
3193	9237	3257	
4830	1592	811	
1594	1139	6056	
7385	1530	9728	
3154	6584	4167	
7333	2888	1596	
2175	3853	2130	
4929	735	6629	
3155	8900	1130	
6139	231	8318	
1650	9970	4955	
6971	9669	4433	
9017	1321	1111	
7595	271	3100	
7000	9161	491	
1566	450	1299	
3509	2692	6226	
9535	297	2155	
1792	8352	8511	
1569	4188	2015	
6905	9025	3799	
7207	1544	8662	
491	650	7452	
1568	440	4737	
6230	8997	8365	
3649	5979	4734	
6175	1961	8935	
3538	7496	1960	
9099	9841	9711	
8731	5382	790	
3759	5140	9451	
3056	599	3142	
3828	2682	6430	
9565	1331	3173	
7681	7851	5345	
9159	9819	1212	
3733	4893	7072	
4939	1458	6780	
6965	221	2765	
3541	3663	7067	
4586	6775	4998	
9982	4210	9215	
198	7747	9795	
7738	6163	8270	
6020	8747	5414	
6778	6723	3415	
6760	222	5150	
846	2729	348	
1402	6884	9629	
9843	8083	7885	
7413	9236	480	
168	7078	7985	
1442	754	9351	
513	3673	395	
8764	1777	5923	
9718	618	5013	
9330	3705	5159	
315	281	9877	
9263	4032	1235	
3407	2533	300	
8015	9101	8148	
6441	5548	9180	
8625	7825	1661	
1694	1952	9013	
5706	4001	9087	
4714	1699	4426	
5234	5197	1009	
8385	2108	1911	
8426	7366	38	
668	9104	3057	
9360	5662	1688	
8599	6177	9150	
1138	7464	9837	
2354	5881	6950	
1922	3762	8745	
3936	7086	8125	
2184	7244	3089	
857	5379	8995	
3131	7927	4230	
1125	1666	8548	
8471	5214	8129	
2875	6335	4977	
9888	1256	7798	
8880	1196	6072	
3082	6334	7844	
3917	6316	2379	
2927	9422	8119	
7967	173	8186	
6541	4962	2424	
9629	5696	7687	
8998	3531	122	
6121	4638	601	
7514	2606	4149	
7659	8796	6648	
3588	6584	7811	
5066	6408	345	
3029	9400	629	
833	2467	471	
8567	5015	3284	
8067	4455	3742	
5005	3439	1751	
5621	1919	311	
8058	9210	4796	
1218	9635	7354	
7959	1284	4888	
7396	6088	7215	
7730	8459	121	
8153	8308	7482	
1601	2456	2790	
7122	1354	6602	
7549	8286	1248	
8658	1064	3768	
8216	3404	7690	
4164	4906	8562	
5471	5610	6109	
4679	9708	2129	
4958	9424	8552	
4903	2396	7219	
609	5853	6596	
6343	2492	2543	
6868	235	2477	
3185	557	8019	
8511	3285	2554	
2956	4704	8666	
5751	8641	4556	
9630	9920	6614	
7637	9939	7640	
3794	7164	352	
2995	3529	2318	
1758	7408	3015	
7694	4179	9670	
1865	8443	6092	
8025	5078	7870	
562	8137	9867	
2210	1455	2488	
7363	575	8027	
1270	4709	9909	
9647	6923	8343	
946	7930	4160	
6897	6881	3281	
7978	5900	9311	
513	5124	9242	
3259	6625	8903	
9583	7465	3219	
3465	4188	7602	
2249	6240	9436	
6620	7300	9953	
5864	6466	4263	
5914	5813	96	
2330	5831	5133	
9741	1467	5973	
5067	1396	5326	
3025	9920	9969	
7461	4428	5922	
6213	8363	222	
548	1478	7595	
4851	5377	87	
9422	1350	3842	
7791	7744	1625	
6271	9368	6308	
2942	6306	5638	
4094	5349	6247	
5025	5646	9667	
3279	8481	4093	
5851	7236	3878	
2655	9020	5271	
9649	8968	2774	
7749	3779	4668	
169	4824	7136	
3087	1325	4538	
9790	8011	5944	
2404	736	6255	
847	7172	6602	
9636	5005	6829	
4720	4011	7689	
8776	5855	9650	
8470	9465	5496	
9526	1916	1420	
1397	5427	207	
2622	5769	8182	
5369	472	8264	
2851	169	3782	
4239	1442	8007	
7894	8754	4485	
402	4028	7361	
4564	120	5171	
5942	8009	1986	
7453	701	7560	
4458	5627	3824	
3622	5465	8216	
3886	8299	1985	
2191	3480	7969	
5588	6910	2952	
8364	9584	8418	
1998	9636	9591	
1938	8568	4829	
1551	6935	8092	
4152	3314	7528	
1862	6850	2035	
2757	3449	8042	
9182	26	212	
7392	1114	5923	
3506	2313	5407	
4654	8029	159	
3022	1259	4401	
2853	3857	2144	
4073	1560	7487	
5354	9816	5906	
3580	1694	8309	
2776	6891	2718	
7396	3522	4209	
2839	9021	6043	
8440	5014	9564	
7422	7884	3515	
5620	3936	2565	
6726	3904	6093	
7730	5165	6312	
8347	4174	7551	
9964	6955	1522	
5027	1088	2622	
1287	5658	676	
3683	4950	3956	
8431	6206	366	
7470	2407	7349	
2272	5160	6992	
6228	5003	3125	
7695	2448	4319	
5420	2441	6009	
3136	6411	989	
1336	7945	8491	
4090	2584	634	
8638	958	5521	
4304	8933	8125	
6495	0	3582	
5850	4945	5407	
2331	2549	5245	
3825	2526	593	
8305	5740	6032	
4465	3493	9528	
9617	1006	4140	
5253	6905	3767	
5194	9353	525	
2310	255	9333	
7118	107	2256	
2322	5611	4647	
3511	2413	6214	
2503	3521	7837	
372	5083	6581	
4941	7854	594	
1909	9514	8133	
2084	509	7546	
5778	6284	872	
5175	843	6095	
6033	2055	5154	
3357	8071	3065	
7687	4115	4810	
3342	9950	9803	
5586	4530	7131	
4817	4352	1814	
74	8722	8923	
1579	9339	5635	
2716	268	5178	
4187	6246	6984	
3325	8958	5132	
5323	3798	7047	
583	5833	9528	
7762	7983	6886	
87	1347	2390	
6277	9208	2598	
6836	5162	584	
1124	7373	4974	
6776	510	4479	
5007	5989	6058	
2824	161	6934	
8903	7476	7350	
2702	4014	5379	
8469	9426	167	
9289	2601	3221	
3349	1568	3737	
5534	6303	3208	
2607	9691	5868	
6814	4808	1839	
8074	3482	3975	
2390	3787	3506	
6406	2538	6573	
5948	1434	3102	
2789	4337	5777	
9287	2599	989	
7499	3291	5108	
8227	6802	9777	
2928	8750	936	
1832	1214	7522	
6155	1268	2683	
9232	6680	6723	
132	3912	2009	
4349	4757	2617	
6108	1178	6239	
660	8786	8957	
4693	9167	2095	
414	324	4293	
2757	6470	9756	
1418	6152	5091	
9423	268	6574	
107	9268	7382	
2757	7742	6600	
5198	4256	9716	
259	5806	480	
261	4178	736	
8603	695	4279	
7170	3531	2258	
4249	1880	7381	
3568	7992	8529	
4916	6960	6385	
5586	7635	3161	
7146	8431	7124	
8684	5260	5336	
8847	3682	1290	
4432	7289	884	
2706	856	3040	
2122	6094	1514	
33	5067	6615	
4418	5975	3523	
2824	7847	2033	
1554	2426	823	
9454	7585	8225	
5600	3735	9536	
1826	7291	169	
8251	1823	9538	
7517	3451	97	
7234	7014	4728	
9473	7052	6791	
876	9331	9094	
1918	787	5007	
9615	273	239	
4333	9391	6947	
7368	5084	5324	
3683	5472	8080	
1193	4354	7364	
2278	4985	1759	
510	2260	881	
7600	8967	6802	
1084	719	5323	
9135	8808	6095	
8773	9570	5821	
713	9369	5854	
4030	1783	8128	
2512	8680	6492	
7726	2856	2471	
7887	223	7298	
7096	5042	2464	
8384	3897	8147	
6923	3654	2957	
5566	9754	8673	
6395	3724	5004	
884	7574	3645	
8485	4961	3336	
7006	2047	7153	
23	9142	9695	
5072	2089	9939	
8450	6088	6164	
172	7607	6024	
5214	8114	2246	
9696	4499	8616	
1357	4284	6469	
9484	2076	7435	
1598	7297	4806	
8635	8657	9114	
4872	8722	6558	
2197	1830	9915	
5572	5666	8881	
9019	3392	4511	
5461	6512	3156	
6433	510	6677	
4995	4209	1930	
1396	2361	3553	
5993	5657	8488	
2537	8306	638	
3181	9298	9408	
1224	3232	2589	
6345	8829	490	
529	8430	3153	
8625	1776	1742	
5212	2991	8709	
4118	1785	2529	
2381	1139	3805	
7035	7839	7480	
8066	9145	2680	
2827	5184	1520	
8343	4729	1143	
4098	4450	7066	
9963	2609	6515	
3663	380	6347	
1603	8520	8448	
4003	898	9394	
2672	9744	7152	
318	1500	1679	
8538	2556	6811	
5668	1044	6150	
8052	9726	3535	
6473	8338	5352	
8488	6270	647	
5211	8445	4184	
7184	6113	4252	
6805	7169	1428	
218	119	9613	
5157	4397	9677	
6963	7577	3463	
2442	9752	1374	
3727	6103	3598	
9323	4638	4612	
6750	9301	1986	
5033	7511	8845	
4882	9915	674	
3015	7679	699	
3505	3574	7139	
9464	1092	2531	
3018	8884	1784	
4589	2057	4484	
4541	9866	6367	
2785	7458	2715	
4566	8652	1326	
1085	5718	6783	
3214	7772	7367	
318	8118	6226	
7856	7740	550	
29	9313	4041	
9355	271	6633	
4713	9982	4799	
7349	656	3597	
6749	8006	8730	
7716	5314	4686	
8567	3000	661	
7702	1667	9056	
602	6959	3028	
5328	2166	6867	
1628	8675	7758	
1863	7983	9380	
3468	2224	6510	
2457	9123	9902	
5313	605	9578	
3529	7876	2840	
4580	9255	440	
2590	4961	8472	
2362	5025	8589	
4510	7953	3267	
1158	7084	2913	
2236	3003	8681	
1020	1347	9615	
1057	3336	3693	
1789	5337	9452	
7904	4102	3085	
7076	4435	3894	
1799	420	996	
2612	478	5160	
3013	6088	9193	
2682	7028	4119	
1230	285	2005	
5417	2092	1190	
6654	6972	209	
3515	6879	9665	
201	708	6347	
2260	2900	7229	
9336	3338	4274	
4461	1839	467	
765	8033	6656	
9742	2643	1586	
326	7452	5823	
1733	3394	4476	
6099	6001	6471	
5654	4612	3963	
8449	9331	7074	
7149	6994	9305	
2147	9781	299	
3557	2747	8137	
515	8353	2377	
9385	3271	3493	
2177	6109	6014	
3257	4145	765	
1352	1769	4355	
6463	1027	2321	
7806	5579	5641	
6424	1417	331	
6089	3625	8493	
4606	2384	3691	
9398	8588	1108	
9155	3622	2835	
8893	1232	5974	
639	5760	7748	
8010	1545	9161	
2738	1839	8646	
9797	6642	7811	
2064	9002	3538	
3185	4979	7411	
1911	8760	5965	
6987	8865	2920	
2888	6885	8060	
2296	932	5414	
946	1926	3213	
9392	9694	7292	
8284	6747	4428	
187	9033	5938	
2301	4407	2094	
7784	406	3967	
7927	3317	8919	
967	1734	1568	
7161	6180	2211	
4315	9841	3299	
5840	2582	9089	
3046	8154	6929	
1422	956	5307	
8289	4444	4156	
5517	7038	725	
1534	3977	2183	
6280	6870	862	
3154	8110	4317	
2461	3380	4264	
7694	4288	5945	
8949	394	9771	
3041	3728	8297	
8954	8647	7253	
5854	8666	159	
4964	6197	7733	
6588	1934	1099	
7317	4811	2829	
170	1497	5903	
6752	5040	997	
6186	4067	3067	
7891	1396	8589	
6643	6040	8587	
755	4452	8626	
1352	6266	6070	
7485	9242	6218	
4875	325	833	
6477	6500	805	
2664	999	9248	
8558	9120	144	
8274	9251	5574	
9644	4830	3041	
9104	1660	8160	
5404	3113	5102	
4442	2053	9030	
4255	8280	6040	
8740	416	3280	
833	1744	8950	
5659	6078	8323	
155	6747	4256	
6824	7603	1481	
7275	1724	3721	
5900	3101	9696	
3383	6551	7483	
3117	6900	8495	
3111	4310	136	
359	5438	8019	
3388	347	2526	
9023	7068	6486	
1348	6111	1310	
4672	6915	4508	
2028	5527	6769	
7120	572	5896	
843	8362	3090	
7370	8409	2205	
5355	5288	3788	
651	5082	2361	
4276	8169	8432	
4862	9966	7408	
9748	9271	6635	
4912	738	8354	
5692	2144	7712	
5537	2456	8198	
7291	7558	992	
4383	8640	9150	
4506	8556	9446	
4248	9833	6282	
8921	4385	9838	
5132	8818	621	
3992	5591	2497	
1379	5942	6762	
4989	2357	845	
4439	6194	3067	
3158	9107	5673	
5899	6607	8598	
6357	4679	5713	
4622	809	2340	
1233	9687	2792	
9522	4624	5967	
5204	6044	493	
8681	9928	7934	
3739	209	8033	
2846	4349	2614	
5767	7097	5453	
9401	2521	3931	
5724	3553	1702	
5674	5171	5208	
6152	2815	5576	
2373	955	5586	
7885	2551	5356	
5873	3891	6042	
3820	4924	8508	
4169	4404	8112	
1453	3425	6450	
9183	1506	5742	
5041	2888	9947	
7124	6407	3352	
308	4124	4679	
5869	1523	2249	
9799	2723	8026	
9366	8781	973	
4541	7022	194	
7361	6013	7367	
6360	9344	8003	
6187	6728	2704	
2184	3877	5716	
5385	6001	4117	
5531	6872	3736	
2064	6810	5731	
8117	1575	3168	
8058	4603	7905	
7306	4694	7183	
6648	1805	6081	
6804	1790	9619	
3201	2482	569	
1980	3698	6229	
5442	8501	351	
3825	5094	8150	
4141	1058	9271	
7910	4244	2322	
9170	1369	6219	
6468	6797	4233	
7455	3198	6637	
6946	1615	9907	
1985	8647	9911	
7326	2383	1283	
1192	6475	4233	
42	7264	1279	
5900	670	9419	
1320	1317	2365	
8997	4974	719	
7319	2298	1529	
557	6589	8701	
4972	8000	6501	
4817	767	6358	
8762	7895	8619	
272	1184	885	
9423	3647	8550	
4047	799	2522	
9300	7077	1532	
3326	4564	1593	
4270	1698	6365	
8939	5229	7589	
3386	9795	9488	
8151	1769	1722	
3484	1601	1311	
261	6942	9329	
2440	1166	5508	
6294	4877	3185	
8070	1237	2462	
9441	1138	7302	
3871	3301	1189	
5566	9728	1266	
3477	8569	5091	
8053	2123	3251	
9602	6237	8238	
4660	3897	4051	
4714	4790	5615	
3288	1776	4788	
9618	6233	4663	
5985	2224	5121	
9744	6017	5426	
4363	8807	6344	
6083	530	9701	
7037	862	4296	
4275	3179	3845	
6943	313	6900	
1934	7847	7396	
2658	4920	4821	
2549	1996	1339	
3708	7030	897	
4845	7098	7352	
5540	7905	8930	
8137	6580	7579	
1953	1761	1062	
766	8831	8491	
3617	9494	1845	
6064	7558	4161	
6709	4014	5818	
7527	9162	3448	
8818	11	1613	
408	1002	6714	
4000	4352	674	
6977	8107	6909	
517	5067	5746	
9468	759	1991	
2031	3767	8874	
9512	9809	6024	
333	4214	1696	
606	1666	4513	
7243	573	9546	
1574	5104	2848	
912	9387	1944	
2122	4446	3828	
8765	9481	8192	
6824	5160	2780	
659	1933	379	
1067	1961	6255	
1848	3061	4813	
4272	1324	151	
4285	8346	9068	
9512	9464	7584	
2442	386	614	
3667	516	1626	
7806	463	9513	
8737	5544	6357	
424	595	6048	
7972	6296	9004	
4323	17	5566	
7674	8202	6517	
3134	1902	2736	
1061	1105	2220	
5313	1645	8910	
9634	321	3606	
9320	8982	4310	
887	1365	871	
2755	8423	9703	
8470	2257	8720	
6264	7037	8364	
3119	5542	6589	
5528	3144	8953	
3558	4703	743	
8781	8191	9880	
6209	6305	2453	
4996	6969	6906	
9824	7720	2702	
9476	6897	5074	
7649	4055	6936	
3467	1013	5314	
3427	568	8431	
8086	7536	8396	
8653	5681	8243	
3677	7875	7798	
787	3105	5344	
6166	750	3477	
2783	2957	4429	
2713	8250	1195	
8659	6220	3608	
4957	2255	5408	
3783	8039	5984	
5530	7893	9905	
40	6680	3400	
1659	4329	6783	
6222	3118	5292	
15	5982	6689	
657	2805	9005	
2741	4337	4974	
4269	6141	6159	
8979	3904	5821	
1549	6502	2266	
3278	3242	5174	
5588	9386	6985	
4306	8605	4907	
5597	2616	5595	
5835	3760	2473	
671	7031	483	
555	8215	6837	
8656	9802	8525	
7183	3179	7436	
7356	539	9431	
8559	4626	728	
9236	4290	7057	
6391	4886	7965	
8032	5059	5058	
7021	8079	9727	
8865	9504	5160	
5291	5207	5321	
9776	6643	3885	
6465	1180	1556	
4890	4523	737	
6154	3472	5793	
5140	6763	6819	
6784	6928	9114	
7653	3437	7477	
7306	5468	1458	
9789	7327	1044	
4281	1003	5778	
2177	5204	9085	
4209	2477	119	
432	2064	7536	
8483	8178	2432	
3998	1503	6146	
8410	2954	5429	
2659	7705	3640	
4982	7280	8129	
7279	9435	9866	
6623	5453	505	
9485	7119	6869	
7856	4225	9876	
8436	1360	3019	
9240	3762	201	
7907	3792	5427	
3325	3169	3002	
6877	1508	4849	
8598	1604	444	
2645	3870	5856	
3771	3930	5508	
2208	5427	7858	
6006	4440	8768	
656	3040	838	
6049	9683	1823	
8115	1200	3417	
5437	52	8608	
3013	6942	3072	
3362	5532	70	
5484	1316	6169	
3108	722	2615	
5712	6863	4689	
1467	5007	5564	
8637	2889	4128	
6377	1687	6412	
6571	3609	8199	
3325	3720	4557	
1605	3066	4339	
2715	4408	243	
8328	6749	7958	
2976	1694	4440	
1369	8306	3280	
8567	9235	8933	
7542	2868	8264	
702	6210	9555	
9802	535	7942	
507	1538	4756	
1811	1122	4906	
4033	3917	3252	
2792	2490	4010	
3583	2004	9894	
8617	8077	9690	
7697	6015	6959	
6555	6389	988	
8387	6542	3300	
6300	3570	9044	
5013	6586	2073	
8905	5688	4799	
9297	1654	6984	
6184	4669	9044	
2300	614	8640	
4891	3833	2926	
264	5192	600	
2529	2523	7357	
9551	6678	1868	
4242	8143	3410	
106	1753	3290	
2826	4198	4303	
5886	2367	7502	
8654	435	7657	
5291	3936	9997	
4383	899	4639	
7837	3281	9500	
2375	7242	7705	
7966	2268	3112	
7382	1908	4088	
3811	9016	3279	
989	4330	7594	
2630	3304	3786	
5016	5437	1238	
214	3698	7633	
9393	7248	8905	
9582	787	9575	
7479	9357	9132	
893	9611	526	
7870	3923	5137	
1149	7860	3683	
8880	5588	691	
7097	5981	1293	
4265	48	6046	
6114	7362	5061	
6504	4916	3562	
9434	8729	5764	
3996	5049	9362	
7568	1769	2322	
4588	3837	7013	
3459	7676	574	
299	2260	273	
719	2880	5244	
4729	1440	7077	
5491	8036	9441	
4198	660	1792	
7703	3343	1310	
4819	4584	9007	
8969	6119	9944	
7412	9440	576	
9441	9846	3406	
5289	1176	3008	
2169	9229	7842	
72	438	3025	
1011	8448	3479	
110	7166	2565	
8520	5884	8846	
8901	6290	842	
1631	7374	7241	
4267	6922	1265	
3225	7546	5276	
9940	3352	7246	
7570	2327	3815	
6856	5474	6495	
4955	8185	4009	
6478	8450	8065	
7485	340	1524	
434	7486	7519	
3736	355	2494	
9917	3423	1424	
3049	8546	2609	
767	2739	1125	
8771	9453	9789	
3685	306	2855	
7780	7225	8319	
8981	1846	6356	
3478	7040	3841	
7223	6220	2261	
5130	6737	6100	
353	7559	8946	
9998	3132	6522	
1165	6478	9410	
3562	491	5716	
9916	2559	5324	
8669	9022	4074	
8009	5094	4105	
3759	4405	6696	
4224	1504	1314	
4484	4344	5255	
6703	5019	7481	
2687	3839	5499	
6401	9647	8245	
3666	568	1605	
2795	5792	6382	
8171	3922	9869	
8208	7129	308	
9428	8153	135	
3253	7691	3413	
5628	9752	8144	
9233	8632	5582	
897	6014	1354	
5465	4568	1013	
6783	5982	1969	
7924	5288	1161	
1482	9894	9526	
4171	8886	5025	
2789	9598	3453	
4505	9506	889	
1812	1234	8042	
8334	404	8195	
1361	9585	7802	
2277	92	4900	
219	4842	3195	
2173	9745	1115	
9654	2825	4470	
7834	8675	8489	
2651	5654	273	
2667	2438	445	
7509	8004	3511	
2524	6334	7209	
7525	7249	3911	
1468	89	705	
5400	8275	4566	
9638	3977	69	
9092	6096	709	
5646	664	157	
3639	4226	6161	
9395	5683	2766	
5682	4457	4915	
1930	4071	198	
2604	7178	6230	
4481	2045	1892	
7859	3639	2884	
6748	815	3532	
4957	6090	814	
7272	3159	7901	
2804	530	2613	
5577	4684	6619	
1470	7148	4981	
8593	2225	7231	
1897	4148	3704	
3976	1498	9638	
4296	1004	2380	
1947	2579	833	
1833	479	3658	
1329	2853	1447	
1250	8842	8831	
2559	4561	3939	
6848	3875	1941	
6361	6131	8425	
626	4520	9073	
1116	9254	4085	
3735	2308	8491	
9368	2231	1952	
2856	5399	9160	
2661	244	3261	
9419	8000	7592	
5241	7835	2663	
848	9331	2064	
6334	5678	3097	
7184	8070	330	
3224	5890	4399	
9258	7590	7137	
5086	234	5340	
233	6970	2153	
8898	1313	6161	
8768	3138	7380	
6423	8735	1406	
9070	1694	7845	
5661	6944	5633	
9387	3616	8672	
1978	9054	9059	
8001	8196	5032	
5279	8378	8970	
1514	2733	8389	
2318	2232	9605	
4278	5270	7329	
9940	518	1969	
1433	716	7595	
6856	6932	8005	
6054	3039	433	
9793	712	9786	
8689	8974	1665	
4604	676	4660	
4743	2795	1134	
1406	9968	464	
7386	6229	4141	
3466	8539	4472	
6563	5826	2011	
6040	3926	1417	
1826	6432	6243	
4621	2693	1857	
1131	9946	3880	
5387	4200	4190	
5969	1993	4333	
1381	5275	9779	
1486	8707	7747	
7286	2713	3136	
7267	1905	5759	
9757	9129	4374	
3971	6613	5059	
7377	5326	1614	
2969	9860	9533	
879	2566	608	
6168	2988	6164	
2289	9359	1244	
6356	1345	9938	
5115	1495	6604	
2589	1980	3836	
2707	2079	7158	
7063	9418	134	
6752	3674	2380	
2441	903	3314	
8670	7922	3611	
1136	5137	5253	
234	7794	8161	
1521	1364	8254	
3914	8994	1710	
3754	3131	6160	
8978	7467	7298	
6087	5875	9432	
9447	6484	158	
5019	7077	4649	
6363	4852	1699	
7134	6532	1417	
7904	2692	1725	
5021	5693	471	
3409	4411	5572	
6911	7533	1680	
4982	6739	805	
4227	2867	5867	
5	1810	5698	
4144	1427	2570	
1329	5218	4655	
7634	5318	3605	
3388	7813	8643	
2329	9304	7418	
9976	4357	7959	
1490	1731	5184	
8158	829	9682	
11	4987	8745	
1209	6894	4546	
9240	9695	621	
6947	2796	3123	
9895	8359	930	
252	6412	2584	
2761	1246	344	
4096	9229	1448	
7103	3706	4836	
4042	7015	6021	
6773	4051	4893	
791	7856	4953	
2677	4430	2637	
9330	4081	1602	
293	7263	9469	
2614	6023	9193	
7349	541	3016	
4659	4084	6937	
5466	9055	7770	
3598	5976	668	
6649	8005	8939	
285	6460	7805	
8828	4933	6099	
4509	4695	6591	
4256	6036	3832	
5130	3960	2752	
3908	7617	7766	
941	4390	1256	
2386	8774	1381	
8818	9353	6791	
8271	6528	6649	
7507	5925	6276	
8427	369	2226	
7715	5310	9473	
9128	4985	7228	
3341	4457	167	
4859	8138	95	
2711	1010	1694	
8264	7200	3237	
155	4178	6517	
9664	121	9071	
2055	7788	227	
3285	235	7568	
2519	9477	614	
1128	4721	9557	
8485	634	769	
2604	5258	4539	
648	650	6448	
813	9538	66	
287	8339	6094	
3509	6587	2595	
4569	3803	9367	
7958	1607	3488	
503	4031	9603	
1305	5107	8053	
1615	7010	7591	
7327	2756	9974	
1367	875	3949	
9002	1232	7179	
6959	6006	7082	
2301	3664	1633	
5273	4166	7593	
2776	7763	6266	
9766	6586	604	
9258	3114	5459	
3149	6922	5583	
8131	9619	5678	
8027	5019	8067	
8224	8238	6691	
1579	5249	4040	
5307	7524	6042	
519	2236	6211	
2605	5870	8169	
4863	9805	8434	
4936	7598	1319	
3262	3543	8232	
1035	9558	124	
2332	235	8008	
6830	6145	9966	
7662	4873	6484	
4625	8032	802	
7889	9276	6007	
1608	7693	5917	
3084	8323	608	
9379	7967	9452	
7568	792	6404	
5256	3944	7579	
3767	5457	6519	
3610	9328	755	
9525	9161	3202	
8016	657	6145	
6925	5857	405	
7336	1443	7674	
9531	3480	5288	
329	5257	6831	
7314	1802	9815	
4067	6688	5386	
9970	3600	2759	
5190	3672	2239	
1272	3359	900	
5364	3645	5516	
6308	4516	7202	
3308	4741	4257	
7584	7735	7952	
6084	8612	7215	
9182	9574	4047	
3544	9943	7883	
7958	5505	8296	
651	3370	1119	
7075	6206	7314	
1941	5040	2260	
2964	4689	6642	
6638	3715	5301	
740	188	5713	
5809	5634	9044	
7382	6138	1251	
4956	3593	8489	
20	7892	2587	
1122	1457	5075	
7091	6543	1772	
8348	5267	441	
6640	2396	9434	
7091	2606	8499	
9155	3283	6678	
6957	6875	6941	
4227	5644	800	
6701	8189	8996	
4644	8369	210	
3874	6097	3537	
30	3306	2566	
8556	4166	1068	
5968	1920	3941	
9089	2916	9861	
5806	2344	1176	
4407	6064	4312	
4721	9215	4855	
3537	983	8397	
7807	6851	6469	
9027	180	7898	
3181	2689	9477	
3621	4249	8136	
630	2433	699	
7421	4325	4487	
9413	7693	7508	
2287	4517	3511	
9013	2432	7448	
8267	4628	3349	
8752	9933	638	
1293	2528	8965	
8463	206	4100	
3638	7993	3047	
7533	696	208	
2689	1626	6693	
3795	4802	5554	
8877	2869	1278	
5374	567	7577	
6057	8756	8564	
8412	4846	5229	
8753	9900	8325	
4920	5705	3351	
8052	1528	4164	
174	4229	2888	
2801	9032	8288	
959	2715	1123	
3589	3055	7387	
1253	968	8887	
9225	4832	5833	
600	9888	9460	
7998	9316	2318	
1759	3520	8914	
7220	800	6719	
9678	1408	8873	
9347	9982	6501	
5314	7152	7728	
5380	4953	3956	
3231	6457	4471	
8337	3460	9908	
6975	4914	6856	
4226	7872	6075	
4744	3223	7434	
1969	2769	3066	
8461	9843	7387	
4222	9212	9396	
4450	1609	5921	
646	5039	5202	
2986	2469	4070	
8076	1121	8061	
1849	8441	1881	
3608	5129	5165	
4388	8232	6652	
8913	9378	2478	
346	1391	7667	
1108	2657	3617	
926	3357	6553	
5713	10	9479	
9538	5372	345	
1978	4649	7624	
7077	2448	4490	
6670	1618	3873	
287	2294	7427	
4249	5734	6863	
6473	2664	6432	
2951	2358	8887	
8470	3389	2720	
5298	1526	8480	
465	5366	3116	
4772	3674	2504	
2236	5361	7496	
9007	7835	3079	
3183	6431	2621	
9730	1811	2163	
2968	5429	6949	
3846	9192	2886	
9610	238	3565	
2615	3208	6902	
878	876	2521	
2039	592	9214	
6306	1986	258	
363	7678	8284	
3040	8087	8723	
7750	7735	5315	
4374	56	168	
9224	4090	5754	
5462	320	4531	
8111	2729	4674	
2921	5230	3621	
9608	9256	4030	
7636	3774	4564	
6845	5312	2121	
26	8397	605	
3010	2098	9516	
7283	2062	2208	
8862	5449	1915	
2106	345	7756	
3961	7444	3181	
3952	4370	7479	
7662	1150	9319	
9664	9135	4779	
2393	2436	1597	
6921	3777	7169	
3477	7254	1933	
9520	4435	2498	
4727	5911	2024	
5583	4499	9659	
7079	9409	8228	
1922	780	3188	
8060	4550	3017	
3821	3535	8198	
6895	5321	5746	
5495	5445	2689	
5718	1047	1640	
8639	6299	6530	
9135	5754	1458	
45	1706	8685	
8291	7872	935	
8839	9031	4289	
3408	5051	2819	
8315	3508	7655	
642	2302	6288	
5553	8398	3311	
2522	7966	6219	
9232	2154	5228	
6880	9867	3270	
9503	3283	9560	
792	7433	9743	
7885	2974	4658	
6420	69	4557	
9352	8492	7721	
8275	4495	3221	
4235	2968	8185	
6800	994	992	
1841	1637	8032	
7664	498	5889	
399	5706	4180	
7725	6937	4390	
8966	1740	8439	
2559	8023	4193	
9457	5544	3566	
1610	6837	8697	
9466	7821	771	
4890	6068	6573	
7460	7434	9553	
6217	5530	8444	
8531	3633	6227	
1647	7022	1206	
2727	8761	3432	
2253	4625	3071	
4058	1776	9611	
2707	7507	305	
753	8939	7548	
4428	5416	2890	
4662	760	7415	
2109	3791	6169	
1539	9700	276	
6261	9673	5771	
5377	976	3029	
9747	291	8535	
4095	226	526	
4006	5013	8436	
266	9334	9939	
2733	8264	8279	
2159	2364	5747	
8997	9953	4909	
9842	538	6415	
3723	7577	4400	
3511	5343	1871	
433	5894	650	
427	5965	790	
7532	5576	4135	
1140	9038	5719	
9741	2974	6466	
2067	6770	1739	
5428	7039	6025	
4629	8413	444	
3632	2322	6981	
3847	9239	4721	
7730	2191	8555	
4687	289	1428	
4196	7881	6112	
843	9191	1483	
9141	8542	5800	
4903	7439	4144	
7760	8498	8647	
5886	4631	5912	
2706	1777	591	
656	4646	9808	
6797	3833	454	
5651	8947	2116	
1452	4210	1598	
940	1666	107	
3162	7184	6462	
547	5789	7617	
5719	6276	1223	
9750	4888	7924	
7940	6877	0	
118	8171	4620	
2882	4250	6934	
8165	7536	3791	
1246	4056	4256	
6457	3490	7747	
2280	4126	5236	
5301	8763	1178	
6384	448	7647	
6802	2282	7628	
9930	6165	5315	
3160	1834	6782	
9607	667	7630	
5943	9607	8873	
148	8	2254	
2977	4223	9165	
7585	6307	8644	
1957	4104	639	
5522	2919	7236	
9144	107	7951	
6652	7912	9427	
7749	7480	7101	
8917	4814	2809	
2385	4796	8941	
3971	6359	3541	
4498	1080	2225	
3518	6354	1474	
3279	8907	3063	
28	5393	8261	
4382	2829	6814	
7391	3038	3827	
3213	6151	6664	
9032	2961	708	
7482	3571	5953	
6946	1742	9454	
4101	8424	6464	
6832	5325	7026	
716	150	6027	
1344	8469	3778	
9521	2890	3027	
1680	6085	6942	
2788	8193	3969	
296	7650	6390	
9622	476	4869	
5771	8993	3155	
3360	5901	822	
4832	6358	2073	
6953	3214	5951	
7203	1435	3416	
4726	9824	8929	
5172	1786	2128	
7697	1469	3412	
2363	2022	4667	
5256	1383	9906	
97	7812	6579	
979	9139	677	
5684	4734	4098	
6201	729	2696	
2678	2336	2540	
6580	1479	7740	
9096	6278	8199	
8967	4402	9366	
4399	2867	3845	
7553	1029	8668	
5806	889	9255	
5338	7712	6108	
9479	7171	7717	
5186	1554	2637	
4451	1312	4174	
8161	7414	6041	
4992	219	5055	
9604	8536	7598	
7385	2153	3466	
9812	3235	3877	
2281	8739	5135	
6366	49	8507	
6295	5024	3889	
220	614	21	
980	6309	7898	
2115	9275	1575	
1396	2143	2328	
3720	9337	4367	
9769	2515	4617	
2381	7759	7916	
5497	9368	5803	
4689	4159	9381	
5876	6941	7162	
4402	8167	5190	
2331	6699	603	
326	8964	4997	
8975	8294	9355	
8056	6483	5110	
8938	6154	144	
5130	6631	9302	
6437	6639	2891	
1708	8975	7467	
8113	6898	307	
9857	9374	4584	
251	9988	6247	
3720	9084	7747	
3315	8156	816	
8899	3214	314	
9684	6698	4742	
331	4080	1351	
4406	6553	6430	
9120	4637	214	
6809	5363	3978	
5481	6596	2510	
9574	7764	1779	
5449	910	8513	
7642	1809	236	
5739	1601	9168	
7233	2296	9792	
7256	7937	9764	
3997	1775	5515	
7465	4511	5603	
9043	2378	3517	
8302	7277	3583	
3528	6309	504	
1403	4754	2555	
3637	1977	282	
5171	9139	7925	
4150	5538	9017	
6183	2763	2931	
6015	313	2507	
6788	6793	1466	
3771	2205	2496	
108	7136	3441	
7967	4967	6502	
6109	6359	1376	
8301	6413	8591	
8548	6512	5550	
5612	9727	8019	
6302	8633	5065	
552	943	3011	
9808	318	3947	
2532	7041	2695	
9682	5386	8559	
9029	9310	4787	
2262	9408	2936	
2358	7641	4054	
6131	7777	4807	
4047	7669	2603	
8828	6828	1446	
6166	8932	6972	
8706	4739	1259	
2619	4040	7313	
7664	2295	4021	
3939	6424	7263	
1403	8573	8942	
923	362	5755	
4104	4594	8753	
2990	6309	6716	
7821	3972	9314	
3205	8496	6435	
7164	4395	4653	
9201	383	5892	
4704	8003	8765	
3950	5147	1824	
9627	4052	5354	
5794	3333	6074	
1736	7400	6546	
262	1787	7850	
2962	9515	410	
3051	4435	3171	
4030	2148	5843	
3000	38	5651	
2896	8495	21	
2159	8604	2609	
6503	5782	3900	
6120	7921	9413	
8207	3154	3749	
9219	6507	5493	
3444	6330	8978	
1824	623	2755	
6212	8009	2150	
7054	639	7096	
9729	3291	6930	
3551	4157	9368	
7471	2580	8285	
1015	8878	7245	
5554	2554	8878	
6855	4518	9662	
8630	1779	2418	
4881	9482	1166	
7200	8002	9481	
9355	9690	2804	
4499	5054	3969	
6990	9816	6552	
9082	5218	8924	
442	6019	7912	
9191	4808	4419	
3142	7720	3101	
4351	8590	5993	
20	4424	4836	
7357	7961	9698	
2250	4662	701	
6368	6891	916	
5376	4555	9680	
4584	7038	802	
7394	5814	5017	
5610	8525	841	
1086	8007	3228	
3520	6327	9267	
3783	9574	5036	
7338	2870	1087	
2711	5721	4721	
5791	2243	859	
2406	1189	4480	
7378	5541	8932	
5925	7095	9803	
8225	2818	7273	
4377	1752	6786	
7953	3761	90	
1417	1670	6061	
3954	5824	396	
5388	7429	6746	
8056	2553	9159	
7553	4510	633	
3482	5218	7755	
3521	3921	5970	
4575	4242	7154	
6796	7810	9442	
1258	6632	3527	
6872	7835	7961	
2013	5908	9984	
5266	4818	4616	
6962	9190	9203	
6343	3571	6300	
2879	4649	3175	
9819	106	2456	
9730	8824	908	
4810	2924	4201	
1769	6331	9281	
1652	8652	774	
4566	7273	316	
6944	8150	6408	
7425	7681	826	
1009	271	1567	
8503	4327	5713	
3049	1488	5439	
6897	5709	7484	
5227	948	6903	
9219	573	19	
6711	1635	6346	
4083	6766	8335	
109	5974	4548	
4310	1013	7563	
5624	7505	8093	
8080	3381	1046	
9653	1112	4558	
6218	4962	7351	
8230	7204	1791	
602	974	2796	
8141	835	4940	
2306	671	770	
8852	5994	8779	
9184	4982	8021	
93	5269	4467	
7276	3198	5945	
9197	3590	9612	
4615	4651	6152	
5943	4462	6902	
2764	5384	8513	
738	6106	7757	
9358	8620	98	
4197	7420	1821	
3644	69	8893	
8712	535	373	
2611	3510	9406	
9626	7951	2619	
6633	3776	5988	
4004	3135	1971	
5562	8592	9336	
7882	2527	3448	
1953	657	4968	
7916	2265	6034	
9253	6524	1048	
8927	2370	592	
3488	1775	3689	
132	5131	2931	
9605	7171	5044	
851	114	8014	
9697	5001	128	
1625	7838	6634	
2199	7443	4709	
2812	676	2609	
6009	6793	6369	
7141	9827	9183	
3058	5184	7267	
1792	396	4673	
9864	605	6704	
3144	5802	3130	
6405	8140	8676	
110	3012	358	
5504	7050	684	
4344	8971	51	
1382	8845	2519	
3742	8020	9421	
7247	3383	5586	
2589	2901	2765	
2366	1810	1047	
861	3155	2352	
2833	2202	7857	
7027	5820	1094	
2217	3177	9827	
7392	5380	7706	
3014	3066	5907	
933	4407	7061	
3537	6312	8514	
4139	4469	1179	
3498	7673	1876	
5530	782	5607	
7955	2477	619	
1270	6730	3686	
4379	9557	4804	
8199	379	6495	
1586	1725	6042	
7652	6127	1885	
8253	6450	9294	
2681	63	1	
5376	5422	2854	
6264	6323	2493	
1393	7119	6660	
6501	6669	9682	
820	7866	4455	
2014	6392	9556	
7772	4635	3978	
998	9292	9430	
1645	2648	6092	
2618	6910	2020	
5819	9307	1975	
5210	4684	2398	
7661	5472	226	
8088	3641	9962	
1947	5010	1891	
7186	8915	7782	
3385	563	4969	
1928	7456	3032	
1870	2980	6162	
4684	4714	3584	
3717	4125	1880	
4797	7229	9203	
9714	4432	9431	
5863	8343	647	
1798	9649	1913	
858	6331	6290	
5827	2176	6093	
7482	3847	9739	
4984	1815	9510	
7089	9377	8396	
1193	9511	952	
9225	4044	9036	
966	3452	9866	
3168	614	9108	
5732	8896	8336	
126	3642	5054	
4448	6879	5708	
9553	2677	4620	
3290	9750	2918	
3192	2648	7250	
9647	6795	9885	
3301	9609	5788	
3755	6940	263	
5931	3961	7444	
6252	8381	6763	
5814	2586	4389	
7331	7219	3878	
3276	5281	2605	
4952	5564	7126	
6047	5086	9535	
118	9802	2175	
9615	6476	5118	
4029	313	7015	
3585	6100	2435	
2274	5391	1263	
102	7586	4622	
9081	3306	8344	
6588	1505	2781	
4166	5143	1351	
8464	6174	1081	
1780	6222	8534	
1310	6198	9818	
9960	2676	6792	
9860	7958	1950	
9056	4999	843	
1572	3713	546	
2940	9931	7953	
6481	941	2989	
2197	5895	912	
4660	9049	138	
2968	8424	76	
1883	923	7954	
3111	8801	4390	
60	398	8321	
3611	8648	5055	
4396	6390	7098	
5880	9701	9373	
3346	4357	9069	
8901	9834	8071	
8621	9121	5800	
6896	2480	582	
4816	2842	3274	
7402	6378	6295	
3992	2074	8651	
5795	5557	619	
403	8262	423	
2888	1826	182	
804	1530	4391	
3338	5556	6886	
2967	8905	7476	
1167	9958	9264	
1204	9549	1701	
2594	9326	9702	
7385	2826	1491	
1256	5636	5804	
1092	1272	1346	
4025	7338	9557	
5217	5601	5234	
374	3054	2899	
4073	7874	2472	
8624	2799	2942	
1075	8014	667	
7120	5244	6744	
5243	5843	148	
5122	7462	9715	
987	8091	9729	
7032	1066	9915	
7098	6032	8204	
7212	1332	9765	
2250	5093	7551	
9454	1282	224	
4899	7008	3219	
6301	5497	1781	
4760	6064	4950	
3253	1022	4358	
9157	3665	1204	
4933	4560	6767	
7934	9521	4907	
8975	3702	7146	
2221	4283	1903	
8147	955	6189	
263	3118	6611	
7739	5177	514	
5586	238	9756	
4415	1698	2033	
9356	5688	100	
7284	5987	6174	
7302	2479	5075	
5278	1745	6660	
6515	2193	1073	
7981	6595	7554	
5345	8133	9293	
5276	2339	6739	
8602	8513	4250	
5072	1742	5207	
7028	4777	4130	
1596	4903	2017	
7084	6139	8726	
6110	7021	8519	
4623	7843	4327	
7412	3749	734	
7528	773	726	
8120	5751	4959	
9864	8362	7882	
7885	2452	271	
6402	8445	3423	
324	1363	2600	
5537	8267	8436	
1982	3716	5711	
895	3151	2875	
4962	3750	5575	
1452	9298	1715	
1969	3964	3451	
2521	4796	8629	
8230	1548	7803	
8086	8366	2426	
3557	2487	7571	
3173	2285	7240	
9688	6478	5181	
9125	3510	6399	
1147	2296	6068	
3812	7902	9003	
4894	9127	8473	
4424	4466	5303	
1541	2687	3722	
4597	9006	7667	
6403	2475	7140	
1409	3228	4889	
7009	5870	4330	
3629	3386	844	
1592	318	719	
6137	5692	726	
1692	9477	1973	
2473	6338	6685	
3856	9430	9136	
937	5578	7881	
5626	6606	1616	
4442	5804	2240	
8818	7478	4648	
312	2982	2887	
3659	30	8520	
8083	1709	9364	
6335	6574	3719	
4462	2571	6829	
8559	9089	9355	
2344	2159	5671	
4315	2747	3252	
2028	3242	5786	
2994	4873	8777	
7070	4101	5514	
8015	8304	1602	
6654	5466	1600	
4620	1643	2401	
1986	7810	7979	
900	6358	629	
1127	9733	2883	
1512	3950	4911	
4768	4368	1458	
9572	3583	5371	
6479	6054	1685	
2221	7737	235	
3866	9989	5041	
4099	2378	7790	
5491	2997	9077	
3601	8719	821	
6425	9576	4898	
7955	5274	493	
8097	5373	4476	
33	9330	1012	
5885	457	2886	
8795	481	2435	
5031	12	5434	
8694	1194	4918	
6340	7271	4784	
1777	2027	4072	
9599	8145	5498	
331	4472	4808	
2641	5940	3621	
5574	1650	8812	
4097	268	4200	
5746	883	7247	
9236	540	5464	
7239	1205	6011	
9405	5591	2979	
4860	3142	5511	
5225	8843	7390	
3932	7853	1122	
7547	9690	764	
5168	5309	8912	
5799	5716	4915	
2193	2692	7176	
9753	9027	3907	
9739	5858	8272	
4286	2215	8895	
3258	9035	5169	
3497	2540	6209	
6126	9792	6267	
3365	5250	3136	
5643	400	8788	
2637	3294	7486	
4750	4332	5223	
5926	9073	4685	
3677	4881	7317	
8392	4523	5561	
8029	4195	6964	
1919	8153	3885	
6307	2665	565	
2458	7617	2694	
4591	7084	3184	
1615	3110	8762	
8708	2076	2286	
3391	2593	8608	
4399	1170	9232	
1187	4077	5022	
2507	7850	883	
1917	1224	8484	
4329	4550	5122	
563	6900	1695	
9730	4966	2188	
4417	4861	9519	
4761	583	8599	
8101	5927	6258	
9621	4008	6472	
6813	3600	813	
9192	3287	1893	
7525	2412	7746	
4314	4606	8148	
2903	9707	4469	
2351	4420	1410	
9894	8462	9540	
1301	2819	1121	
1577	1465	749	
4205	904	6165	
3425	991	5888	
4193	1922	2282	
7225	7837	6607	
1052	3334	2286	
4576	6766	3574	
6979	3587	9291	
1900	4646	2541	
9208	681	9758	
1071	5809	2995	
9921	9847	4469	
4036	5286	6095	
3991	370	7896	
5591	3734	3446	
247	5018	6694	
1659	1225	3071	
1565	8069	9854	
3615	5690	1692	
7393	1437	2623	
1107	618	295	
8223	1353	9024	
4984	2546	9132	
1548	4743	2950	
6532	6584	6735	
7536	8547	2055	
7788	3264	1351	
4414	2463	7762	
9530	1392	3406	
6929	5255	7415	
9467	7302	1896	
4526	9855	5294	
7936	3020	8643	
6009	7890	922	
6155	159	1549	
150	1152	9773	
8980	640	2536	
3357	3118	449	
3651	4084	8039	
5916	7429	8900	
3633	8061	3531	
2786	4299	9229	
2428	7298	5659	
2296	2829	5566	
9387	4117	9169	
8310	1198	5204	
2508	2337	8606	
3799	6370	9729	
4323	8967	8464	
9573	7377	1767	
8566	4232	3407	
5349	5072	6614	
3535	6221	6864	
479	3231	8616	
1002	5588	4411	
1377	6732	110	
2157	6696	4503	
3119	595	1568	
366	5456	3658	
2851	2058	457	
7740	2789	2951	
2639	3540	5925	
4111	3927	426	
752	7921	1961	
1263	704	8094	
5472	2086	2594	
4560	3885	9741	
6966	5814	1547	
9719	7999	2512	
6222	7736	4281	
6884	8757	7196	
5098	1611	8046	
5076	9969	8476	
8040	1742	8811	
5234	404	6624	
8101	1244	3653	
6144	652	1985	
8614	3187	8656	
5613	4123	2512	
2567	7421	5871	
8720	6445	1123	
6348	997	4473	
3206	4298	2676	
3211	4906	990	
1104	9362	7271	
9076	1445	5242	
1321	7175	9021	
8322	339	1181	
3554	9660	3632	
832	769	9517	
5320	1383	7399	
36	9627	771	
4091	3496	5341	
4933	8183	9321	
5230	3981	7652	
1785	5476	4669	
6722	3940	9752	
1084	5601	2042	
9882	5078	5519	
1917	3634	7920	
6318	4261	4164	
7466	1888	2577	
4863	1086	7842	
2953	7090	6148	
6850	3279	1707	
9688	9855	1155	
3390	5699	7868	
2437	2494	2421	
5600	53	619	
9429	2733	5767	
4952	3295	9258	
3123	7511	3276	
2719	8072	3892	
8176	8189	1233	
3627	2876	2888	
4991	279	9059	
7091	5205	6903	
426	5798	2739	
6607	5129	2077	
6618	5305	6638	
3424	991	1206	
3824	1114	6491	
6325	5105	6265	
2190	9933	6861	
1666	3395	2059	
751	1326	9439	
4611	8083	9076	
5475	1253	1526	
6196	5585	7486	
4825	3054	2348	
9992	6021	9565	
696	6015	7032	
515	5312	5600	
4029	897	6822	
3616	7994	963	
7285	9494	5795	
1895	5298	2774	
5404	6712	9201	
6443	3931	1739	
52	3424	5436	
3845	8846	3116	
6750	8983	9062	
6968	8331	135	
5591	1405	5749	
6892	2068	7871	
8715	8358	1209	
1248	2683	7463	
3612	5522	33	
3474	5394	6701	
1310	7902	8783	
1641	5828	2503	
1237	4825	3261	
5634	3821	3748	
3595	5227	7044	
849	8219	141	
5708	1694	8099	
8813	5012	1405	
730	5315	6834	
860	2487	9173	
8956	3775	1121	
786	7158	3404	
3573	4088	8645	
9443	9158	5523	
9890	7224	5391	
8131	5291	6111	
9588	1240	1987	
3778	1911	2573	
5418	4338	2118	
1214	6967	3863	
2369	615	9921	
1558	73	3114	
3501	750	8852	
3581	4450	879	
9677	7134	9496	
6472	3721	1411	
1855	3163	1220	
2978	5052	4191	
9098	4858	7470	
3169	6881	4557	
7727	73	2339	
5562	7910	9140	
986	4011	1337	
6755	3588	328	
719	223	2903	
7509	6163	5687	
7597	7103	2165	
7385	9264	623	
5483	1337	1041	
456	4837	144	
5681	2531	398	
9555	8275	772	
894	3311	5465	
6136	6333	4702	
7082	2077	6193	
5481	4006	1087	
5320	1867	6672	
1883	9601	6573	
1178	1297	2293	
6147	2543	8939	
6211	1106	5561	
7252	5465	8188	
402	8871	4575	
5834	1624	117	
3533	9860	7002	
3122	6556	656	
9055	4045	8634	
2373	982	9162	
5655	4363	4583	
2638	7069	8722	
8281	5031	2332	
2011	4557	7445	
643	550	4407	
2952	3371	2057	
9388	9175	4685	
2041	8503	7690	
4612	1560	9270	
5189	9565	444	
9682	8994	859	
5768	1884	6890	
71	8553	8290	
9343	1940	3071	
2816	9321	6576	
5446	7028	5419	
2023	1600	5434	
2801	6802	6176	
5190	3673	1933	
1926	8368	7755	
2646	3410	2616	
8549	3456	295	
4507	8872	9287	
6381	7967	745	
5518	6818	3512	
3893	8933	3983	
1629	84	8807	
2947	7588	6984	
9871	2734	1850	
9842	9338	700	
4943	5857	327	
9804	7230	7577	
2491	7179	7514	
2908	6978	2338	
3587	7335	1616	
153	4856	3484	
8981	9334	9207	
7447	4766	246	
6048	8079	5800	
8983	9847	9755	
8976	1536	2536	
1054	1798	8109	
3589	8208	9712	
8202	7339	1867	
5403	1131	6675	
4335	7436	6663	
1780	1970	692	
3647	6661	7000	
2802	366	400	
3226	3810	7262	
7123	3606	2531	
756	5552	2595	
7479	874	1363	
559	2115	8152	
3684	4344	4758	
6222	2258	8947	
3639	223	6144	
5036	6198	285	
7676	10	6421	
1214	2650	9822	
704	5048	8959	
6088	903	7390	
6505	4150	892	
8711	188	2682	
8711	6391	8999	
6535	168	7516	
8677	2952	8132	
4279	8368	3341	
7904	5797	7344	
2851	9164	4906	
1456	5182	2998	
3913	657	4645	
9199	7217	1961	
1515	7291	4935	
5635	2789	2658	
8908	9418	3197	
883	3468	3856	
7682	1240	6051	
3000	3002	8821	
9227	5748	8101	
3818	5718	1432	
9855	7576	2852	
7325	4801	2256	
770	6962	2197	
471	7519	8701	
164	1126	2284	
5983	9773	6909	
2912	1494	501	
7160	5605	9356	
5206	6041	6562	
2460	5382	2181	
310	133	6532	
6091	638	9223	
7776	62	9811	
8154	7880	3508	
9795	765	6715	
536	9082	972	
3484	282	3324	
4539	3541	7734	
9730	2576	9621	
6897	5103	125	
5368	7439	1790	
1738	5313	5058	
6186	8817	8566	
9117	9529	931	
7816	3351	8470	
3016	6270	4123	
698	2756	1933	
3900	7878	3173	
8534	3334	4319	
8680	3292	1904	
4982	6123	4352	
6157	5923	2205	
3755	4289	4174	
562	2919	2753	
5689	9747	1450	
5555	2285	8642	
4385	2037	6912	
9274	5397	5145	
1488	7237	7548	
7134	8031	9224	
6030	2282	8714	
8857	2114	7347	
4951	5697	5029	
8317	8795	6972	
999	3869	198	
4332	4674	172	
7852	1246	615	
9432	7616	9236	
967	1380	4031	
6017	6170	5408	
8934	2660	7648	
5075	2368	4828	
9394	2212	9920	
6825	6276	9801	
5480	2963	8185	
150	9748	3540	
7203	5079	2614	
2512	5766	1433	
3007	981	5911	
3074	5126	3405	
9894	5825	4184	
5296	5333	3792	
300	5735	7732	
854	6017	6187	
6955	2153	6151	
2716	5267	3584	
1111	9694	3585	
5863	1344	9613	
4304	7980	9471	
9073	1130	8806	
3514	9340	114	
3653	1865	9904	
7457	3940	6097	
4607	2556	587	
5470	3466	7390	
3457	4333	330	
5767	8815	3156	
1501	2497	9632	
574	5512	5402	
6484	5958	6796	
9235	9652	7871	
7715	5348	7711	
3165	1097	1993	
4083	4260	1015	
4990	7576	9004	
1946	18	5830	
973	306	7259	
4855	8221	1943	
5206	4310	1155	
8198	3736	7078	
9559	2602	839	
8288	6808	4069	
46	6005	2937	
5773	2305	9906	
6329	2612	3389	
4673	1197	4367	
8938	7835	237	
3576	6033	1979	
8328	6607	5972	
3742	1588	9979	
7966	2023	4278	
6238	1945	1935	
7610	8935	517	
2169	8016	1153	
8491	9331	9507	
5753	5231	5273	
7111	2765	4187	
7060	4126	9711	
7774	8464	8167	
3353	4320	8411	
5701	7594	5328	
8648	5495	4238	
8605	6372	2265	
3676	4925	4176	
8390	3290	1517	
652	5271	8795	
614	5141	1869	
8840	1352	6566	
2487	220	8758	
6026	3744	4184	
5598	5361	9337	
504	8498	928	
3838	4141	3496	
4739	6008	9145	
7434	7502	8831	
9642	187	2529	
7769	9885	6247	
9433	9747	7364	
6038	547	4666	
7074	4813	2396	
3206	6690	7056	
8453	6805	9176	
9384	6466	6640	
9023	4477	2000	
4796	7906	2096	
4326	3503	1190	
7256	6181	7484	
6612	9031	9449	
2573	4709	8264	
7522	1964	5846	
7287	3548	7102	
1338	4924	3225	
1868	8719	5318	
4001	3392	8056	
1296	2304	1768	
6442	1699	2477	
6314	9427	1096	
9451	5765	6500	
7544	1881	3983	
9471	642	1908	
9856	7035	1240	
1164	9754	7396	
5238	9395	7556	
8992	9343	1618	
