4276	9605	1875	
3261	5563	2451	
8527	2467	2021	
2260	4379	269	
8785	647	4049	
3040	724	3962	
8436	2510	266	
8163	2469	9476	
7591	9469	496	
9827	3979	3373	
1350	4521	6083	
241	2566	3692	
7564	1460	9877	
9139	2179	7088	
3773	7201	3704	
3888	8049	2879	
4241	9073	3790	
4964	6075	7381	
8668	1395	2891	
4659	5092	6290	
7154	8014	9757	
6642	8079	3696	
2671	8208	3822	
9251	5032	6887	
8654	5997	3516	
511	4832	3269	
3687	8966	972	
8118	5582	2985	
622	191	6452	
4272	7405	1700	
280	3059	8396	
1828	6588	6301	
5034	824	8944	
364	1316	4789	
4221	7857	5194	
6862	8558	3274	
5006	6090	3384	
7625	6696	5629	
410	1313	3335	
6101	7055	2029	
4643	3236	16	
2605	9854	9828	
2215	957	9961	
8332	1727	4788	
6786	94	2679	
3654	1642	4106	
8373	4582	3333	
6754	7815	7356	
427	4347	8116	
1759	3291	5709	
2705	3023	591	
8247	224	5857	
9835	210	3443	
4600	7919	7680	
5998	6028	4684	
1681	3275	1482	
9459	2226	2342	
4664	3897	6834	
8105	4467	7111	
2962	8562	2503	
1245	8073	7407	
7338	1527	3825	
1196	9125	3447	
690	7060	336	
5778	7064	7427	
5577	631	8451	
7260	2705	1609	
5803	3814	4515	
1086	2254	2673	
850	3681	7736	
6055	4718	5506	
5198	4877	1058	
5084	6343	5000	
9261	6183	5575	
717	1707	6356	
9128	1585	1727	
6102	5576	1327	
1871	1344	5466	
1720	2124	409	
1177	8420	1517	
2156	8176	7862	
4823	8060	1919	
8414	2859	6549	
7483	4184	4444	
5790	4581	8242	
4539	2298	4469	
8155	5969	5917	
2947	7383	8152	
8748	2209	2767	
5910	653	904	
6565	1703	8798	
1998	4981	3942	
9953	1009	9687	
8393	1365	611	
80	8630	9920	
7794	4040	2933	
1496	5458	5479	
211	9665	4345	
3225	1839	2656	
1206	9425	6518	
5998	4655	5657	
902	4905	3206	
6039	8528	7732	
9096	7563	767	
3551	1058	517	
2432	2065	7776	
9347	2269	8593	
1267	6568	7018	
5109	2797	392	
5018	7633	9500	
5648	5950	3121	
6289	7347	1052	
18	5933	751	
2777	5626	3335	
4223	2339	5880	
8508	4425	5901	
4086	7955	4742	
4455	7227	5916	
4514	6073	5405	
2196	8457	2828	
4435	8599	9346	
2229	8249	451	
2040	8015	8525	
8565	979	1140	
2438	7955	6598	
3543	8788	7077	
5857	7873	802	
2624	8982	1015	
6456	4001	1129	
3668	7485	2402	
9200	6072	7418	
2844	9882	9628	
4618	7001	956	
1793	3261	9988	
5110	53	7692	
8848	9684	9393	
1734	8306	8545	
2497	7401	2267	
2454	9488	637	
5670	4160	304	
9658	6011	8976	
9011	7193	7133	
5964	6202	7304	
1814	7250	7207	
759	8941	7212	
8816	7088	5201	
3423	3011	8020	
5493	7165	5968	
4448	9688	4123	
9432	2670	223	
1261	8480	7671	
2258	2861	386	
1174	7728	9387	
7824	5496	4575	
9774	5205	3360	
3604	5865	8746	
3687	3899	6857	
2370	4752	7300	
6314	7875	3001	
5930	9448	2545	
1502	5441	7251	
9545	2696	7180	
9693	9495	8419	
3352	5645	6820	
5101	7400	6022	
5567	2153	9709	
1537	5127	3684	
834	7622	290	
1679	2690	9962	
8029	858	5238	
2738	3473	8546	
8111	3414	5326	
7778	1724	1585	
1047	4261	5721	
3093	2521	4075	
7876	283	4713	
9497	9005	4328	
1081	3451	5929	
6139	6823	7877	
7971	2146	739	
5383	5216	477	
4602	9166	8525	
8330	5171	8087	
1655	2591	2358	
47	5783	9799	
8292	7270	6456	
8419	3143	2355	
9766	9570	1543	
9408	5077	8651	
7605	6485	459	
3671	7272	6514	
3323	8140	6129	
7670	9823	5331	
2237	6813	8113	
3595	136	8199	
3974	1783	4008	
4003	6503	6898	
685	5210	2254	
6371	7250	8088	
4842	4027	4592	
5412	3422	2747	
1168	17	9516	
8931	7419	2910	
1305	6901	720	
3096	2669	3640	
7856	7791	6186	
7049	7834	3253	
7751	4667	430	
6515	9864	2255	
7088	1046	7851	
3183	2763	6086	
5889	9764	928	
1720	8742	3303	
1738	9961	240	
6644	5982	5594	
1280	3851	20	
5452	104	3841	
2508	769	8762	
2259	9664	9298	
1576	1690	4101	
2542	1645	9434	
2860	3711	7254	
3412	2715	5769	
7951	8508	531	
652	2102	2660	
93	7161	6254	
1431	2406	4082	
9955	915	7285	
969	2932	2653	
7589	714	1858	
584	4307	3957	
227	8768	9142	
8147	7699	3521	
9621	1994	4584	
9877	2009	6651	
2145	8618	5793	
7033	4539	849	
156	6884	8927	
275	5319	3587	
1482	3022	6402	
352	5642	3037	
5681	974	2594	
8342	7772	69	
5291	9837	6355	
9982	1480	2134	
2802	2090	804	
6104	8573	2236	
4842	2268	7256	
8279	4592	3813	
1174	6866	9168	
2825	7404	9241	
6980	6637	736	
1965	7614	304	
9283	9515	3362	
5758	5897	6857	
6081	6084	3105	
765	9491	6563	
1653	6520	7423	
5405	4800	4719	
2810	3229	3910	
2795	5226	9139	
5861	9494	7365	
4605	5638	3862	
5067	1137	1664	
3351	1869	9766	
5353	8128	6744	
2627	8538	3687	
6706	5455	142	
4032	960	7928	
4294	5088	9233	
7503	7452	657	
2443	2928	1858	
5486	3264	7423	
9399	7214	3852	
4574	2117	1485	
6318	2763	5418	
8582	6320	262	
5376	3917	757	
6816	1611	4040	
1135	1984	9743	
62	234	4591	
188	4504	3224	
5123	4359	2132	
8601	3080	6758	
5208	1766	9898	
7559	8355	6091	
1216	93	5311	
5407	2626	7208	
8227	3745	4635	
1265	533	9952	
1625	2895	236	
2247	7969	88	
6244	8372	1072	
4088	6459	7524	
7740	8455	1880	
3516	3946	5674	
443	2214	8088	
1784	3615	166	
1530	2135	7676	
7688	1922	8243	
9082	6777	1064	
9146	3088	670	
921	4471	2522	
4756	4796	568	
4408	6581	5968	
5182	8755	3828	
3905	2818	3674	
6293	6889	8414	
5851	8060	3427	
7743	686	7328	
8362	5445	5067	
9148	6656	3908	
2476	690	3100	
5274	988	1916	
539	1373	7391	
5424	2198	7168	
3499	1487	8276	
3426	7652	1595	
7014	1444	4102	
3555	4208	8517	
1243	3180	8488	
5084	8220	6269	
535	4096	7796	
8615	1996	9927	
4833	4975	3440	
3082	2195	1386	
2708	7313	1479	
2260	6054	7216	
6125	4476	5043	
4973	1204	1744	
6614	77	552	
4096	1006	587	
2994	4162	9726	
4676	5678	673	
7630	5842	6698	
1778	2783	1618	
6186	3526	5308	
3732	1208	7077	
8540	3295	1720	
3373	979	3038	
1130	1942	7608	
7611	169	5489	
7842	4918	3616	
8765	1643	323	
5916	7589	2151	
9677	6397	1049	
6253	5114	8422	
5144	1172	3965	
3524	8407	7481	
8418	3131	6240	
7612	9754	4075	
3786	2139	7619	
5873	9761	6214	
914	2954	7186	
9522	9440	2659	
1350	5353	1999	
1533	2888	4062	
871	6204	7524	
9918	353	6542	
4477	6914	3103	
216	5691	6705	
9541	4427	8720	
4978	1961	326	
4294	9360	9795	
7957	1494	7750	
464	6183	3159	
7001	9401	4750	
7458	9493	3771	
4832	9438	8720	
1795	2570	2620	
7562	5528	7091	
7041	8310	9252	
7214	6683	9890	
4272	1866	8802	
5826	2508	1732	
5117	8220	648	
3564	4398	5884	
273	4709	8027	
263	2571	8069	
4234	5484	1015	
5148	5064	470	
2354	1250	3110	
7855	4027	3785	
2784	4175	7870	
2098	6731	4706	
2081	3835	3547	
5623	3482	4534	
4302	9316	8027	
5572	8425	5351	
1163	7488	9981	
6056	6578	4649	
5604	7658	33	
9719	9358	9872	
4108	4895	9171	
5004	4133	5969	
6836	6738	5158	
7327	5075	2828	
2123	3400	8891	
6807	3369	9282	
5790	6298	9599	
5093	9897	86	
2984	7524	3318	
1193	4921	7735	
7405	5037	9981	
9636	6887	9373	
3323	9821	690	
1224	9952	4978	
1242	4254	639	
8039	5546	1207	
402	7280	8686	
1267	9147	6712	
9492	1868	3755	
2225	6207	9288	
6590	7158	5368	
9386	4818	701	
1985	9496	4930	
40	5783	7991	
4323	6586	9892	
7570	2202	8599	
8957	4154	935	
4084	4975	871	
8051	9613	337	
6061	1793	9845	
1894	6090	2644	
6328	2929	1179	
7949	1837	4325	
7214	4111	7799	
7256	9762	5682	
9339	4548	7979	
1327	2331	6378	
882	3454	3009	
3283	281	7674	
4407	4196	4860	
5294	1299	1885	
5107	3087	8033	
4990	1012	6597	
8120	1702	8453	
2246	7230	5354	
6751	7505	8215	
8975	7054	7780	
8137	1412	3669	
7595	6571	2478	
8638	1110	9419	
3793	4655	5525	
7471	7480	3496	
7138	2564	2882	
6873	7675	2882	
3705	2097	5339	
6977	5840	9889	
245	9444	4408	
1583	4396	8179	
5343	310	4209	
1622	7318	7578	
8649	8525	7581	
2105	5706	8606	
6429	4445	3251	
5926	6737	7726	
1509	1104	4674	
9845	194	9651	
5454	8988	737	
5877	3860	480	
6570	9214	655	
5688	948	2935	
9517	448	9241	
7681	2906	4430	
8914	6658	4046	
3253	3332	7035	
6495	3112	6567	
2165	7332	4150	
5727	73	200	
483	5193	1774	
5447	9016	6740	
8157	9384	7441	
4249	2337	2167	
2660	3400	5867	
8718	2770	4384	
545	3199	1509	
3003	886	4881	
6681	1508	8245	
2692	2535	2054	
2487	7730	9164	
1378	3972	8197	
6633	2972	1142	
8127	2004	9667	
4537	6874	8139	
3051	2958	5724	
5032	5673	5295	
2406	2128	1338	
7885	4425	4806	
960	1957	4278	
7293	2826	7377	
9041	5834	7327	
8938	1473	2904	
103	5867	2471	
2052	7670	7553	
9768	2313	2822	
4719	1496	182	
2496	8558	1029	
7211	7718	2914	
3885	3715	7792	
2455	509	1563	
1825	1722	3320	
7201	5477	4324	
9584	1672	7561	
8257	2675	7975	
8727	7135	6469	
5793	4493	6482	
5862	9183	4553	
8324	3408	9337	
867	3274	2224	
7109	8167	8897	
8702	1734	7261	
871	1162	757	
6039	9111	3653	
6029	8790	2540	
5945	5200	7370	
4838	6054	7	
7620	5835	4763	
8327	4441	9876	
5629	5679	2165	
3528	1990	542	
3913	6967	8861	
689	3988	1836	
5405	4586	4153	
7430	2325	5132	
4786	1040	1836	
5683	5681	3739	
2079	5409	6015	
3053	2633	5570	
2547	2067	2974	
9329	1280	2994	
8499	5347	6859	
5451	1101	2913	
3416	8333	3284	
5812	624	1797	
7844	4553	2753	
1856	8849	5124	
8466	6049	2612	
3392	3921	541	
5142	9252	5628	
3780	7319	9666	
9592	954	7467	
4729	8721	5891	
1923	5850	5934	
9006	1492	5863	
4672	4616	7445	
359	2519	2737	
6730	7991	2305	
2828	8264	5387	
880	5551	9381	
8065	8183	7819	
9805	1830	8769	
9109	4803	2226	
1885	9571	3986	
3119	9146	7394	
1615	7895	6747	
9092	942	8491	
8072	5543	7389	
2992	5473	3840	
992	2819	8047	
9895	3594	6925	
9400	5116	4260	
4290	2542	8103	
5790	7764	1286	
9341	8511	5876	
5904	3326	2251	
9272	8647	7468	
7264	3272	6039	
5014	572	691	
7158	1266	79	
8975	5089	8601	
7193	2333	3844	
9883	496	6458	
2693	9396	2783	
6881	6349	7975	
3886	5902	52	
4166	6906	1742	
168	6916	2738	
4051	5514	17	
2621	2516	8485	
8149	4299	656	
299	3672	7350	
5523	3934	8733	
8356	9809	7416	
5935	1356	2271	
6616	2164	5955	
2369	8186	1134	
5746	4654	9409	
4512	4534	7327	
6707	1806	4579	
8391	7297	701	
8421	7277	7634	
8553	3301	2276	
3595	869	9877	
3643	3773	6157	
6840	2016	8378	
3992	2625	1280	
5605	74	6902	
4234	4086	7157	
5040	529	8247	
8399	8914	224	
1231	5342	7924	
7048	1560	8640	
1819	7812	5454	
3880	9366	4350	
1702	6914	7432	
7434	520	6296	
4877	352	4635	
2701	7978	4023	
2972	8822	9654	
4109	1418	1385	
2767	6723	5362	
5005	7914	4117	
1538	737	2971	
231	4619	729	
5245	4715	9416	
5138	7694	320	
3141	9015	2906	
9268	8894	8652	
6051	425	102	
5320	4410	8934	
5873	735	7100	
1364	9086	4765	
252	9289	1604	
6671	6233	6210	
1543	7756	9932	
392	1175	3841	
1456	7093	1734	
5913	9485	3617	
9940	7195	9875	
4949	8169	3821	
3520	3760	2158	
7447	6031	7223	
8520	9442	3133	
8039	4994	2208	
7833	4423	9573	
229	4071	4649	
8327	1570	1328	
1535	7790	9458	
3178	4202	9039	
3262	6000	2381	
1976	2603	3102	
1648	7605	1491	
9355	4833	8947	
1473	6978	3876	
4815	5654	1967	
5691	3482	4440	
2451	5681	844	
3242	452	6049	
8609	1607	5941	
1796	3076	1384	
605	3894	3911	
2709	6566	6458	
7276	6648	4308	
4196	8323	749	
5615	9940	6113	
9877	5135	2739	
9849	9930	5332	
3973	1306	8205	
5327	702	6244	
9099	4225	1858	
7351	6654	9022	
3381	4763	6320	
9036	6529	4486	
7946	3230	9013	
8125	1898	7288	
5946	331	4963	
9886	5729	5847	
2974	397	9640	
5732	9679	5462	
9980	1178	9122	
1763	8345	8045	
8180	1799	6828	
2087	5150	7894	
1961	2871	4220	
5997	3176	8773	
3660	5552	6075	
6704	2386	9663	
1066	2454	6425	
2820	6047	6736	
6835	2347	8942	
7720	6913	7614	
2892	7927	2270	
332	2225	5807	
149	4102	2855	
7090	3156	3766	
8530	4286	8408	
9996	9498	8629	
9960	5078	8675	
7965	2701	7018	
7998	3648	5550	
7828	7224	609	
6299	2375	384	
8092	3520	5394	
4390	3944	1225	
8032	8319	3181	
628	6539	7733	
6108	1873	2383	
2795	3439	6406	
4807	3486	1453	
3136	3702	3496	
2266	7204	8275	
9742	633	420	
6818	4488	8335	
221	2395	6561	
2998	2732	5002	
84	2266	2529	
6642	5558	4275	
2204	7902	3123	
3504	227	4262	
8113	3580	2229	
4010	2785	8736	
2633	8158	4164	
7685	2688	8690	
9449	6388	7674	
6973	4324	9276	
4532	2597	7835	
5550	6302	3310	
9882	8697	6395	
8317	6918	6157	
2098	2663	2431	
7614	4737	1771	
8254	359	4001	
1176	7102	2952	
2516	7484	9271	
2974	3115	5419	
7125	8526	6100	
552	2791	909	
4961	355	1107	
9535	1588	8463	
1239	3178	4950	
3167	9883	4950	
6599	9212	3378	
5123	63	1733	
4240	1255	9267	
9124	1269	307	
3012	9081	8470	
6512	673	2277	
9357	6299	3644	
5077	2231	6891	
7386	6281	523	
7211	6772	4224	
5163	8024	6123	
658	3475	4504	
3000	330	4590	
4277	3937	8621	
8775	7349	6568	
4427	6541	3431	
6093	4481	2192	
8284	7588	4713	
1800	1344	1153	
911	3398	2340	
5680	3056	3201	
681	7121	4401	
82	5002	7696	
9289	5164	9478	
8931	1708	1986	
9337	3484	1797	
3373	9143	1230	
6560	3365	3860	
9117	5073	1164	
6499	1630	8788	
9370	5240	7582	
4002	1299	6620	
5006	3372	6213	
4701	827	7000	
8830	719	2860	
1861	538	6900	
7796	636	6329	
483	9912	9957	
3855	7271	8747	
9427	2038	1575	
9172	1453	990	
6845	833	6282	
4452	838	4021	
9400	3344	7749	
3212	3305	7048	
7396	736	7931	
7058	7544	4212	
5171	1799	335	
5021	949	9731	
4713	7073	3218	
8105	3168	2551	
5006	1412	6342	
6062	1100	168	
1977	3658	41	
5750	8326	6569	
8946	4974	9751	
947	9059	8799	
4042	8768	9405	
234	4192	6467	
3267	8213	6861	
900	5378	6251	
8947	5900	1274	
1088	7574	3929	
4637	8242	4716	
9041	2514	4700	
7123	2708	5206	
4148	9054	3162	
9377	2004	4238	
6443	4320	9766	
5769	2957	1573	
7336	9161	9080	
71	2638	5923	
9510	9686	679	
5074	9942	7551	
8264	9665	7791	
1160	6341	4610	
2418	6666	6606	
5021	8424	1624	
1654	3287	3098	
1680	2110	1870	
4000	172	5632	
9935	9073	3141	
7480	4309	7257	
8150	1325	6959	
2616	1320	9373	
3180	8023	4703	
1334	3973	9622	
640	1169	551	
2881	7981	2184	
27	5313	47	
4344	9140	4766	
3407	9058	2741	
9570	9937	188	
1484	8697	6525	
5733	1103	3157	
5675	4917	97	
4718	8922	7234	
8273	6166	542	
207	7616	8298	
2516	8991	1997	
1844	2818	4727	
1822	365	1408	
1458	5469	5601	
6077	4974	7773	
3195	1680	147	
3719	6847	8284	
7604	149	6278	
4542	734	9850	
1748	1334	6829	
3037	9845	2608	
6318	6608	5686	
6702	7103	3169	
4737	228	7811	
8412	640	8527	
2369	570	1554	
8914	9964	2971	
8539	1887	5086	
7180	1349	5935	
5485	9476	4613	
8094	2415	2705	
7848	2934	5114	
2730	5869	2214	
5828	1632	716	
8158	8313	5302	
5795	7978	123	
2170	498	6729	
1636	6751	9852	
969	3207	2168	
2990	6928	2484	
9651	6444	3961	
8346	1232	6935	
8425	8086	1933	
2683	6382	7386	
575	1204	9251	
3353	1551	9520	
2354	3791	6751	
7487	3367	1870	
8327	9656	3180	
5091	7984	4998	
4726	1446	5627	
1535	2011	4432	
5327	1844	3439	
1207	4878	4404	
3002	3349	3715	
5964	8439	263	
2763	8169	4331	
1297	5661	142	
480	2175	2502	
8017	8414	2614	
1717	6527	805	
8392	8000	3120	
6521	4119	4609	
7813	8954	9585	
7233	2046	5918	
2041	9616	472	
206	1910	1262	
4260	9162	5173	
4568	6818	3849	
8938	6818	8028	
1810	3588	4157	
8735	7344	8814	
1270	8324	981	
1105	619	4094	
4222	3431	8026	
3707	5391	7770	
840	397	747	
4235	3963	2867	
5441	8895	1605	
6512	7702	8852	
7037	4621	5228	
7681	2252	6202	
1452	9755	8304	
8511	3621	1795	
5024	1105	3616	
6637	6717	1553	
6543	2412	3233	
7182	3554	5753	
9896	6666	5494	
5491	215	1674	
9739	7040	4845	
1383	4544	881	
8836	9426	4924	
2883	7252	133	
5084	2690	6965	
9780	4404	856	
2574	2034	3604	
9155	1615	207	
8617	7765	1895	
1823	1276	4709	
163	3878	3275	
1603	4420	9776	
7170	8568	9692	
4813	7334	4715	
7188	9097	2798	
3728	5133	2778	
3374	3132	7361	
7794	4465	1300	
3717	3701	1394	
8290	2542	6164	
8951	8809	540	
3463	6571	7088	
3927	5402	3638	
9962	7173	318	
8172	4183	5142	
2928	2911	9283	
7100	3303	8721	
7148	8570	3767	
90	3217	3367	
1986	4337	9541	
3199	9966	59	
7859	4583	6498	
4686	1676	4123	
5866	6705	3884	
4693	3994	7858	
1002	1852	8206	
6211	510	1495	
3088	1042	3565	
428	5763	3299	
5423	7322	1372	
1148	7234	2015	
8209	3933	8247	
6487	4778	4873	
3418	9986	5555	
9798	352	1424	
2787	7805	9497	
2683	9575	9726	
5348	4849	3384	
6756	3970	9101	
4331	7936	994	
3105	9431	9797	
1676	5842	3553	
2239	1513	4624	
9619	2736	2767	
5825	1195	2297	
6331	553	8703	
1105	5111	8087	
255	7845	9067	
8463	2547	9692	
1087	4847	5571	
9174	559	7921	
3621	1937	1511	
172	9025	7479	
3694	6631	8561	
9095	1455	9883	
1620	7678	3665	
6004	7106	514	
3673	9220	9657	
2763	9622	7236	
6373	6046	5434	
7304	4383	4199	
4984	2093	4604	
2019	2072	7713	
5894	9960	4168	
7375	5049	449	
9549	2294	4547	
4841	8327	6	
6974	3411	7810	
9462	6970	7972	
7208	8516	1635	
6558	932	5146	
2098	4985	2178	
2633	3487	5504	
4499	1077	3140	
9670	4892	8797	
6429	5555	621	
7125	1340	8782	
1983	8050	473	
2169	2471	8385	
1030	7556	4167	
3860	2240	2191	
2388	6986	9249	
4143	9698	7818	
5523	4076	9467	
716	4815	7445	
3726	9796	7636	
1952	6036	7771	
5123	8786	3934	
4012	1766	5271	
8667	7160	6161	
287	2598	8919	
8592	9605	8395	
3004	7184	8269	
2410	3651	3147	
5354	7220	6841	
2651	2105	2739	
8120	2367	2253	
998	8334	411	
7976	3481	4297	
5145	3714	1603	
8049	6878	1417	
8809	4482	2408	
134	1392	8756	
6707	4504	8672	
393	1947	4207	
5731	242	9259	
406	2365	6766	
8068	7678	6886	
7264	6217	5796	
8194	8620	8887	
6398	8914	46	
7874	9143	7236	
9288	11	3268	
9621	2422	8270	
8098	5206	158	
1383	1262	700	
8969	6580	7425	
5137	8729	7462	
1350	8185	4423	
6081	6314	8031	
2522	51	7150	
2349	2133	5441	
1595	2954	4813	
8509	7988	4478	
8821	6484	497	
1442	8105	4788	
1261	34	3796	
2218	7309	9732	
9102	5769	6954	
290	2165	4279	
4990	3586	982	
5137	7096	1448	
4568	1471	8507	
3793	1014	3154	
7785	1408	4039	
1594	9367	3366	
220	9524	1182	
8282	3317	4673	
3262	3768	1744	
4482	9038	7190	
6191	3550	3028	
4657	3892	7094	
9597	6070	1436	
6192	4218	1852	
4038	5695	2712	
9951	6943	2564	
4554	8728	5643	
1966	6581	9319	
5937	1868	7080	
5987	6131	2579	
5029	3800	5017	
7116	9377	239	
745	8181	9604	
9979	4757	775	
2780	8271	6658	
263	5813	990	
8480	8070	1517	
6346	4522	8035	
1223	5214	6908	
5873	8047	7175	
5132	2547	5252	
877	6375	7747	
3831	8015	9881	
2834	159	6108	
7272	1385	6982	
8350	3373	7678	
8595	3969	9760	
4515	4213	290	
8767	457	4920	
7938	5082	914	
6663	9530	3774	
6531	5599	9992	
6957	184	6028	
1511	1542	2737	
6834	9101	1254	
7562	6762	8973	
5659	7161	6295	
9549	7905	1952	
996	6403	5499	
1443	7500	2792	
6479	3939	5973	
9358	5422	2713	
5369	2974	718	
606	6483	8618	
9143	7431	6755	
6017	2358	3118	
2622	8272	4465	
2811	2053	2230	
1512	4321	6319	
8288	4356	7621	
9910	9955	3919	
362	5964	5513	
703	8296	4247	
5874	7008	4859	
5280	1435	5149	
7815	948	7020	
3131	1240	2757	
6524	3794	9384	
2896	7471	9417	
7594	1803	6463	
189	8644	8875	
6120	765	5865	
3679	5629	3845	
9876	4445	5641	
902	9265	5511	
7488	5310	2741	
4810	2340	3449	
350	7075	1299	
9779	5540	5453	
669	952	2239	
9451	5203	5963	
6962	446	8715	
7087	5285	2756	
5392	3653	6785	
5502	1318	5939	
9253	4493	4012	
9261	7429	6616	
4746	1443	3218	
7772	1018	1655	
1796	4288	7795	
1145	6291	1539	
2560	3889	8710	
7925	4671	872	
1202	5151	1141	
819	5588	735	
7006	1084	3274	
5956	4563	3935	
4028	7667	1012	
4991	7784	5716	
4517	7411	1483	
4684	4374	7536	
43	6295	7129	
5683	4801	4337	
2856	3419	1364	
4866	9967	7297	
128	4452	2997	
8198	6422	962	
6936	775	7773	
8719	7942	9231	
6646	8927	4680	
6745	5469	8870	
4233	9232	6747	
2011	2580	1190	
1257	7273	7275	
4381	1359	5762	
9508	2965	3674	
2704	3262	3603	
9211	5322	7873	
7514	3404	7103	
1971	8168	3774	
7810	4183	7760	
1647	3042	2001	
1103	7767	8836	
2580	7885	7041	
3807	3116	6387	
6934	5956	7111	
1379	2148	5624	
1933	8536	6190	
9264	17	7275	
8942	3784	6048	
7838	4374	6944	
3671	137	8307	
7827	2801	6688	
8210	7109	7005	
6045	3949	2376	
6270	7551	9806	
4411	460	9422	
276	6128	8023	
1801	2419	88	
1068	6958	5254	
1102	7377	9910	
8320	5516	4746	
3819	7567	5086	
4622	8006	8770	
1617	4083	3849	
8481	7319	165	
9926	1355	4123	
1222	522	9757	
3723	3728	6714	
590	3286	8022	
8360	5688	6804	
553	6850	512	
6076	1621	9575	
7399	5318	4363	
3142	9113	3342	
298	2742	226	
3329	9847	3948	
5088	2088	1099	
8924	4004	222	
3547	8495	2498	
9487	771	3036	
1496	9711	748	
6582	6444	6516	
7837	611	8173	
2353	4669	3557	
7356	8751	3270	
9078	6003	5962	
4181	4356	3475	
8566	3598	3191	
7612	2445	3469	
7707	2917	806	
9031	4495	7323	
5314	4991	7768	
1158	4022	5028	
2418	3223	7824	
5383	9989	2974	
3193	2523	1440	
5929	9478	8021	
8468	22	3130	
3619	8751	2393	
6571	969	4276	
1465	2895	1334	
5076	4244	2883	
4309	2939	6131	
2135	2304	2713	
393	922	8494	
2683	6613	5358	
8765	9765	6998	
7096	8971	1327	
8174	6	1950	
1561	9087	4333	
6836	9180	9586	
4637	7348	159	
295	9923	1395	
6595	9543	5436	
9555	6923	3829	
8993	8646	9259	
2515	3012	9040	
4620	8720	3044	
7626	504	1119	
5616	2035	9993	
1987	9782	6049	
3209	118	1783	
2261	7877	3833	
857	2653	339	
4470	9912	9491	
6461	1489	9770	
2546	4201	1501	
5453	6872	166	
5194	6208	4311	
2373	4764	9179	
6246	4065	7352	
9659	5893	7981	
7367	6334	5438	
2633	3565	215	
6710	6625	5875	
8255	3602	8898	
864	5273	4887	
4232	2790	8063	
170	8089	9369	
974	4694	7080	
7851	7147	3483	
7496	7570	0	
9475	253	730	
6231	193	8592	
8711	6530	4611	
351	7411	8133	
4150	1054	7846	
6513	6808	4238	
2036	749	3048	
1704	9152	6035	
5545	5815	6302	
8132	4518	735	
4517	1625	5664	
1325	2467	9975	
9603	1565	3003	
8862	5527	3794	
666	5390	6433	
1974	2872	5287	
8985	2846	9833	
3195	951	3720	
2051	4034	4919	
4196	6474	9770	
427	1420	7718	
5513	8896	5138	
9830	8705	4504	
8164	8942	8606	
2390	4670	7740	
223	7081	2589	
3721	3118	3743	
9499	1978	4830	
5227	412	2614	
4704	4098	4308	
754	5138	5119	
274	9944	8949	
1750	8765	7831	
6873	101	9578	
355	6647	214	
9415	6397	986	
3569	679	4909	
5531	4366	123	
203	7944	6281	
521	3806	7777	
9630	1787	3948	
1230	3780	1718	
3967	7904	1990	
7957	1769	499	
2060	7330	5214	
4844	2568	4193	
9360	5573	3276	
5225	9016	5234	
3561	752	4656	
3775	3603	6914	
8478	5864	4304	
9917	250	3220	
7999	875	9456	
1951	6021	2365	
9457	2947	402	
9073	4052	8402	
9938	1936	5370	
2179	2144	2535	
8255	4278	1829	
9759	6860	3494	
1550	6491	9370	
9818	6316	5950	
9937	2663	3284	
7046	78	4598	
4919	1225	1443	
2877	3692	3530	
5928	685	2456	
2648	6143	4936	
9088	2452	7157	
6076	389	6156	
9828	3105	7535	
8393	22	411	
5749	5377	4069	
4187	3255	9114	
7229	6968	7823	
2380	930	1606	
4668	8306	9054	
6209	7214	4205	
3203	3528	2720	
2004	7262	1800	
7662	8379	4188	
9604	5960	1391	
2455	734	1823	
5724	665	3429	
9757	1883	4786	
6907	3441	7292	
6164	753	7127	
6843	5322	9729	
5622	1954	2633	
8487	4899	1835	
2927	3934	308	
9152	9576	8339	
7150	4994	3056	
7496	7455	2754	
4306	743	9768	
5294	6831	7904	
5138	5611	4395	
6593	6946	3660	
6785	6210	6039	
2461	3094	6010	
9167	2654	1835	
1505	3354	8943	
6636	690	1334	
549	3349	1404	
1065	8086	3685	
3335	6349	8214	
5594	622	2374	
2223	8316	4700	
1647	6022	9686	
5127	8323	8624	
3774	8452	9655	
3649	7574	5173	
2052	2796	2395	
9302	1138	1724	
3563	3616	2864	
6525	6100	9639	
7329	7816	5879	
4231	3968	5610	
7722	6694	6820	
256	3149	1877	
6494	16	1013	
7865	1359	103	
7860	4816	1879	
5883	2730	4578	
8200	1212	7429	
3030	5689	5612	
4499	1181	1670	
7175	8888	2239	
2181	2337	1755	
7409	3779	843	
5419	1888	2253	
7298	8383	3581	
7115	2852	3882	
2628	2278	3119	
6317	6970	7467	
2216	7079	5314	
4903	3125	5112	
7500	754	2104	
7955	6252	2264	
6504	7313	402	
2322	2397	2050	
8059	5780	9016	
1919	8116	4175	
4237	2459	8598	
182	7630	7432	
3106	6430	9941	
933	7113	4607	
5053	3973	3273	
7463	6205	11	
1504	7422	4371	
9937	3870	132	
7129	4360	5499	
6454	8023	8810	
9954	6671	2245	
4043	5017	7275	
2458	3070	3246	
295	9622	7220	
6575	5620	7736	
8639	2022	6539	
5981	4500	335	
9242	3142	8031	
6920	4572	9652	
9825	1476	1799	
8515	7588	4651	
5663	3984	2591	
3618	4456	872	
7972	1762	3961	
9967	8599	8248	
7195	3306	5018	
4729	9904	8873	
5203	8383	8001	
8436	4143	9652	
5728	6465	3679	
649	3644	2559	
9889	9988	1555	
4515	3850	7973	
866	2876	6671	
579	4279	6789	
6066	5111	4839	
1062	9513	7860	
2444	8535	4091	
1410	9382	9571	
6884	9126	4403	
2773	4232	8479	
2377	8193	1956	
512	9631	417	
7536	3925	4572	
5722	9792	3060	
7495	4875	7610	
9569	1997	4978	
882	3469	5458	
7499	4448	9324	
3902	5	723	
8322	8792	2099	
319	3434	2193	
2540	8658	8707	
3239	7087	7797	
7175	1594	9558	
6574	1672	6956	
2630	8034	6986	
9729	7009	2679	
599	3269	9080	
4263	8259	2621	
9120	1136	4509	
1525	8767	6121	
78	2553	963	
5359	1089	2927	
6992	8510	1599	
2002	6388	1499	
7989	7642	7785	
9758	6421	9990	
182	7309	5110	
5755	6562	6995	
7001	1910	3750	
2911	8841	1725	
2238	825	9198	
4276	1244	5951	
7278	3228	3416	
7806	3904	3397	
2280	9980	9167	
3924	2232	6674	
6615	816	1271	
4440	2575	3079	
670	2616	1490	
8285	3757	1108	
8076	1092	2419	
9299	4222	6439	
5673	4278	6702	
800	3532	2841	
655	2426	2758	
6277	7576	1312	
8744	7219	931	
8628	5814	6299	
2420	812	4447	
6970	1908	9463	
999	2594	4809	
4062	3314	1259	
2916	7781	6287	
5239	166	1168	
479	7444	8111	
6370	8866	458	
5285	2241	588	
7668	1326	6086	
6376	3691	2315	
4688	9945	1406	
7825	7240	585	
2814	8884	223	
4000	3206	8065	
3635	8019	1175	
6217	6816	6534	
7297	3622	3716	
2767	7727	1563	
4219	201	185	
204	2473	2337	
7260	5687	7494	
6913	727	3117	
4963	5399	9484	
977	3515	7809	
7095	8860	884	
3223	634	9675	
229	3652	9766	
9574	210	5778	
7479	7933	8242	
5346	5559	7776	
1521	5621	2050	
2187	3714	6938	
5881	1773	2108	
5733	1648	1940	
2742	5320	9074	
1255	7501	6832	
5124	7792	8289	
3086	439	1859	
8480	8640	9447	
5439	4154	1628	
9872	2720	5412	
5128	6369	3998	
4552	6889	2392	
7109	8041	4902	
125	8786	6164	
153	5771	9159	
1185	4642	8377	
9388	7978	5207	
5126	5362	2211	
2459	2275	8517	
8167	6953	2218	
7389	3379	3582	
5020	3313	7995	
8625	7049	5401	
3003	6320	8728	
5614	1993	1144	
3479	4480	1509	
3168	5228	7027	
4370	2995	3177	
3015	1166	6488	
3646	9187	8957	
6944	6217	3758	
3924	5787	360	
137	2913	2599	
1279	3052	1688	
9254	6997	1995	
8377	5562	9353	
7989	3053	9120	
1250	5946	2638	
7367	7188	118	
3478	91	4734	
7981	640	3234	
6352	949	555	
1059	425	443	
8061	3262	2783	
9939	8756	4283	
872	4543	5640	
1539	9157	939	
9340	2069	3071	
3187	2355	5478	
1193	4930	6079	
9784	5253	3304	
4324	1782	8114	
1863	1259	8953	
7715	42	5251	
8234	2907	8049	
5171	149	8533	
8638	714	4118	
2560	2902	8582	
7682	9191	7140	
5795	740	798	
7232	1452	4115	
136	9287	1821	
6765	134	3159	
9625	931	2218	
3289	1079	8464	
1465	7372	7175	
5702	2415	634	
6659	6055	4845	
4953	352	5229	
8909	8224	4900	
5814	5430	451	
8065	6320	7755	
1262	6303	5437	
1997	9738	3337	
7203	625	5870	
6333	2963	9052	
9654	9863	1491	
1803	6584	9783	
2234	2656	3545	
4878	4568	2694	
9979	6824	9200	
5237	9057	4292	
8467	3281	6081	
527	8569	1357	
4468	9853	8574	
6141	8637	9497	
4663	4921	5763	
5269	5504	1597	
6845	9018	7892	
621	4313	563	
120	9590	3065	
7205	6564	7280	
8571	6950	671	
3727	9108	9167	
4550	2137	8760	
4748	7928	5298	
8232	7936	8017	
5187	5640	1285	
3137	8009	7324	
3969	1401	2953	
7518	5076	2689	
785	7903	4718	
2025	9322	9912	
1581	9914	5289	
3355	9796	23	
8373	4747	8296	
486	1844	6197	
468	7717	238	
4425	1452	6730	
2322	1897	5086	
2620	519	2476	
8180	9895	4682	
6575	6998	2400	
7255	6474	2749	
2166	5203	4347	
7842	3233	6454	
5473	3781	5466	
9398	3782	3850	
1990	9646	233	
3933	5679	9693	
7944	8054	8641	
5467	3623	152	
6350	6247	3375	
7043	5071	2011	
5414	7833	4120	
1313	774	8430	
2967	4879	9645	
7576	5576	2125	
4433	9014	536	
8168	9182	9357	
5300	2366	6701	
3950	6861	6042	
978	7219	9738	
6218	3666	6248	
7738	1051	4383	
982	7285	6022	
6418	4906	333	
2292	3332	5653	
6150	2285	1033	
8380	1631	1950	
6521	3376	8845	
7113	8492	9832	
2611	7062	1426	
7178	9343	9880	
9628	9001	8387	
1098	5418	5015	
9919	5512	1378	
1548	4248	3977	
682	6335	6567	
1338	9058	2929	
7520	6775	9489	
6329	8397	1554	
5482	6185	6135	
6950	9802	4864	
6833	7588	3377	
8377	8801	988	
2139	1601	2155	
377	9162	246	
9627	3107	1842	
3946	511	7928	
1664	2231	1679	
9204	5448	6556	
5274	108	5786	
198	1294	2171	
4447	2138	9491	
2148	3318	6094	
6501	1990	7062	
8695	5437	2477	
4031	2189	4955	
9381	1537	3419	
1217	9290	8920	
467	8015	6123	
6339	5535	9174	
9900	1327	6705	
9019	2955	677	
2443	3947	8762	
5165	6395	8485	
2955	3982	3294	
2313	2394	9603	
5414	7963	660	
3899	8374	963	
4261	7212	7418	
9236	7183	4645	
7475	9798	3462	
9887	6048	5331	
8057	1552	9880	
9515	5611	9852	
420	6917	9167	
2231	7930	1490	
8498	6780	3699	
5967	1170	9027	
4750	2839	525	
2674	718	5266	
2932	7555	8046	
607	5854	3598	
3109	8569	6329	
6563	2725	1225	
7819	5158	4637	
9431	6966	1543	
2478	7838	2042	
9404	9578	9980	
8933	270	9800	
418	5222	4909	
4980	14	9503	
1825	260	7875	
3304	8798	2326	
9426	9231	6546	
645	5159	8397	
4223	1514	5874	
1253	4192	526	
6704	4806	3705	
8558	1589	8000	
1343	151	648	
8163	8257	2177	
2652	3442	5762	
3128	4727	4375	
8948	1301	5600	
9072	2179	9068	
2538	9879	3323	
6015	8823	4991	
7750	5775	2235	
4650	9126	5698	
2671	856	9708	
8064	5453	2745	
6194	9831	4543	
8644	6507	2079	
8447	3472	4053	
3912	6554	4671	
5864	1839	6118	
1163	2750	816	
1372	9832	5119	
8277	7316	2553	
1991	2588	1517	
1039	726	278	
7509	3244	2325	
2236	6219	710	
9968	1196	6542	
6999	8804	5666	
5586	2752	9910	
8194	7215	3166	
9789	49	9637	
9685	3405	9891	
3040	8633	8801	
2894	6387	2283	
2548	5182	7556	
1568	5324	4883	
8933	590	8756	
8980	6906	8207	
2645	3142	3900	
5816	9984	856	
7753	2388	7498	
1638	7109	1753	
3604	5933	8721	
5052	6950	2910	
886	9760	4472	
4332	5758	393	
7901	287	32	
3887	9948	4171	
6854	4574	3964	
6506	9164	8442	
7563	1158	2807	
8816	5595	2883	
8208	4984	9258	
4153	1580	7782	
364	8911	6761	
5952	9815	4050	
3655	346	1467	
5014	1968	381	
28	3332	9781	
7638	4445	7169	
1591	4666	2123	
5151	6543	807	
3491	5452	8267	
2470	6721	7320	
613	8221	9974	
7621	5825	2289	
5781	7863	5826	
4392	2938	6330	
4186	4636	6007	
2963	4349	4428	
6605	7455	4512	
3789	9747	6999	
4052	3357	4486	
2677	2713	9368	
5357	3024	0	
8931	5464	9843	
5649	9990	7829	
7117	2837	39	
2782	2897	8641	
3169	1026	1485	
9520	1348	7838	
3655	9644	901	
2296	4052	2809	
7942	1304	9090	
2686	4769	292	
3429	9537	2894	
9974	6383	1677	
2083	2940	7848	
5778	4971	1547	
1310	90	3647	
593	7765	1187	
4113	4950	2031	
3326	9368	1102	
135	1107	2102	
1838	376	6207	
3685	4952	5066	
955	3359	660	
1596	4874	4637	
9133	5965	4927	
1447	3990	4916	
5416	651	8839	
3040	4651	2985	
6136	9962	4747	
1802	6888	7015	
5159	3296	3402	
2857	2127	2041	
1837	6708	7620	
9789	8567	174	
4027	6455	237	
6784	6222	609	
4385	1193	2191	
6167	8121	194	
8682	398	7912	
5580	1366	9341	
4907	1237	7639	
7097	4626	8810	
579	831	1065	
3623	6462	7227	
705	6969	9941	
1637	6096	52	
2804	8123	7682	
576	996	6649	
6747	8446	9093	
5653	8682	6073	
4563	7543	6427	
9144	1384	1413	
7609	3199	5262	
6125	2669	9093	
3295	1756	9688	
993	6043	2364	
6138	5934	8965	
3386	6300	6429	
491	2100	3824	
2569	2944	241	
770	949	5319	
6923	8139	5506	
8990	9640	3123	
6237	6821	5399	
4928	1253	7657	
213	3679	4346	
3714	2783	2846	
3521	4565	7489	
8307	9300	8950	
5373	2109	6566	
4142	1048	4629	
1140	6341	5646	
3328	3031	7565	
6198	7972	3590	
9819	9711	6308	
7305	6449	5162	
250	5192	9436	
9474	3312	3137	
6456	3670	3948	
5961	4091	7959	
4453	6474	4149	
8908	6102	2250	
2466	515	6494	
4556	329	2754	
4448	1728	8100	
9643	6270	4005	
9932	6830	3390	
2959	3840	8425	
2454	4820	9426	
1115	8009	9904	
8414	2470	7181	
1272	2312	6674	
9384	9051	3857	
9038	552	3396	
4309	4257	8300	
3485	4693	5055	
1458	4462	2732	
6663	5229	4067	
4575	4121	530	
2347	9558	2197	
4320	3101	5538	
8782	7193	2917	
362	1822	1281	
475	5718	5459	
3027	7332	5703	
4583	3386	8771	
1857	4141	5331	
4968	9110	1479	
924	7048	3664	
3253	3401	2637	
7242	9415	7843	
7332	299	8756	
7885	836	1137	
5859	4805	6798	
678	7735	226	
9808	2273	2935	
6608	4676	268	
7259	5894	3558	
7822	7363	9200	
4546	6916	7841	
8030	4203	8816	
1175	6072	4073	
5246	3675	2188	
3658	3215	5447	
9478	24	1460	
8476	7706	3819	
4361	2695	465	
7894	7403	44	
8622	1308	4759	
7935	9692	9301	
529	6625	7766	
1932	7998	6455	
2738	7600	6302	
1207	6443	8234	
9785	4092	169	
3758	7045	8728	
8719	5850	9281	
8185	6833	9371	
2354	9412	7616	
895	8967	3166	
9604	7014	7050	
2218	5829	6450	
5814	8188	1637	
5709	2256	492	
7741	2249	8963	
2727	3443	7090	
6412	1119	3413	
2368	7982	3890	
1893	2089	9843	
2504	9120	1411	
9953	5286	3388	
6839	9460	3823	
3038	8865	3149	
4714	5478	7300	
2343	6751	9272	
3178	97	1803	
5143	6345	7661	
5844	7087	5553	
4965	9830	6047	
8370	676	395	
562	8683	5672	
7113	3753	3229	
850	181	5510	
3630	7207	885	
6727	2169	5895	
9555	8317	6242	
9639	7678	9273	
9767	7293	6971	
5426	643	2472	
5736	2165	1260	
9497	1105	6553	
92	7346	6539	
6509	1884	3289	
4558	9425	6892	
6936	7120	5246	
9424	6565	4140	
8611	1541	4073	
6994	1629	65	
8639	9688	9729	
2503	6060	3150	
3401	2730	6405	
8190	7578	9353	
9409	9794	4862	
7865	396	1728	
3874	9328	4260	
1	8862	4461	
9300	9215	7100	
5590	5931	9820	
8375	969	2216	
8815	1010	1124	
7956	4554	7585	
9471	6700	4167	
6712	4855	1706	
1793	8607	8758	
4511	6046	8078	
9870	6847	2698	
9787	101	8377	
2271	2365	3801	
2273	3488	3963	
2340	2523	149	
7606	8091	1926	
433	6464	4705	
5299	5871	664	
5385	7889	1627	
1700	8	4055	
9757	2089	2153	
8701	6815	9513	
1690	7367	9632	
2985	3843	1918	
6130	9406	1303	
8525	7533	852	
7523	3221	2422	
9883	7571	3997	
1946	2622	2932	
9578	6901	4865	
6244	8999	6047	
4694	9029	8513	
2310	6716	8129	
6386	2119	4725	
760	1240	3621	
835	1796	9761	
9116	8718	9742	
6260	1679	5636	
4889	1519	381	
2125	8283	8489	
6034	1034	6524	
8420	3146	2922	
2632	3137	2465	
7289	6046	3983	
8278	2261	6619	
4369	2702	4765	
7457	603	6628	
7641	9408	1177	
9694	4256	2263	
9116	5467	3914	
4771	9042	3880	
8531	8294	5217	
5058	7801	8851	
703	597	210	
2598	7377	7699	
8780	3809	78	
9137	2	7504	
3792	2091	8552	
3694	2550	1624	
6772	9441	5304	
3048	3929	1040	
2457	6249	1809	
5380	9266	4281	
2662	2780	9681	
8166	6365	9531	
4509	5538	4719	
7325	244	7586	
8950	8663	4003	
2005	9328	2203	
7009	4769	8339	
9610	744	4248	
638	7493	385	
4106	3319	8220	
4220	2933	9590	
4919	8521	8136	
3197	6003	6198	
4421	5314	4355	
6997	9348	8395	
2792	2456	3556	
6037	1404	2204	
8620	9313	8232	
6847	192	7036	
2582	6512	3023	
361	4480	4370	
2201	2876	231	
4892	9054	550	
2528	6592	6626	
9864	3801	1334	
7101	5926	4201	
6964	3726	7771	
9989	7228	6543	
2194	526	2514	
4259	1751	1960	
9448	4188	9419	
2038	1641	7498	
9678	7969	6446	
4254	4108	1928	
80	5516	3591	
6736	4059	5743	
7708	6317	8554	
5942	3109	4153	
4533	6188	6138	
5664	7556	9109	
5285	8415	8063	
4197	1825	9521	
9940	9243	6862	
4216	9283	826	
19	3293	3657	
4423	3904	2223	
1831	3070	1072	
8039	831	448	
1927	9212	8699	
600	7214	1506	
7770	1115	5352	
6302	2823	1933	
2319	8260	3159	
5696	4112	3569	
7951	1015	5360	
7285	4944	7624	
1978	408	5552	
80	8214	6749	
6726	9521	5191	
7619	3058	2774	
3520	2392	6694	
9560	2900	4185	
5797	6937	9882	
997	4311	7773	
521	8816	8678	
3512	3430	4706	
8360	3218	7783	
2863	8441	3799	
2258	8162	7988	
2876	4679	7778	
462	6188	646	
8295	6319	3376	
7103	2917	3965	
2157	9701	9287	
2775	4022	957	
6231	1307	8802	
169	8986	4245	
2697	3259	1977	
7269	6233	4296	
2969	8540	2261	
4347	5612	7314	
7020	7395	7153	
3526	8871	7499	
4502	9427	8188	
4579	7534	8092	
8656	9696	5229	
948	9946	4717	
1936	1548	2418	
1531	4873	1530	
1240	3613	9384	
1394	960	6089	
7878	932	6939	
5499	331	8321	
4994	3228	175	
5627	5420	5722	
3965	5641	4206	
7477	8084	1844	
9298	5558	8951	
9808	8112	1675	
6388	3050	5640	
5491	578	8491	
1538	771	1875	
982	2045	9603	
3017	9428	7012	
5768	3733	8585	
6031	9310	7418	
1442	757	1105	
6848	2846	3246	
7976	1013	4838	
359	7647	222	
5306	3791	6544	
7211	4218	4718	
7453	9608	1550	
614	5821	8815	
3682	7601	8881	
427	8737	8362	
3393	2696	6268	
1815	247	2102	
1463	5716	2760	
3549	8033	7691	
8170	906	6831	
31	7623	6615	
9027	5817	9517	
1992	8222	649	
5982	5506	7263	
5406	1003	1238	
7910	9248	1400	
107	5098	282	
5020	1594	2212	
6982	6904	8322	
4102	5249	913	
8540	5259	4477	
5324	7066	1323	
2181	5445	6568	
8507	699	8555	
6756	7888	1133	
8491	697	6654	
4263	6088	8039	
481	4706	6052	
9903	4487	2073	
3934	9482	8776	
9996	200	5289	
2771	7757	1891	
6951	262	8184	
5577	2555	3625	
6016	2679	5258	
9912	9236	3317	
2105	1419	8625	
9972	4176	420	
3873	7219	1514	
4741	6369	6093	
2760	7515	3504	
5490	53	2043	
4499	8176	4436	
5191	4869	6223	
4006	924	7980	
9702	4265	3099	
9831	5021	6170	
3043	1555	1744	
7178	2744	2509	
3692	6798	3586	
9842	3449	1408	
5268	7522	1508	
7603	70	5634	
5128	4724	5874	
801	1625	2061	
376	2386	7820	
1619	7822	792	
3590	7039	7656	
9281	3760	8761	
5888	9897	2532	
8703	3553	1199	
1350	2582	2630	
756	7378	488	
6154	5120	3742	
1467	171	7566	
459	8003	2641	
3016	5166	4893	
6757	2797	3893	
3644	4431	2559	
3496	8001	4400	
6905	5886	6819	
9208	4445	2777	
2350	5765	2220	
6463	8103	1274	
7103	6245	4958	
6407	3778	6666	
8252	9322	9344	
5998	3484	8418	
890	5502	1142	
348	6496	2684	
6982	1677	9586	
4031	7675	9546	
3328	6468	7500	
8134	3774	4272	
5829	9049	3987	
9395	7039	2938	
2785	5626	973	
3977	7775	9810	
1938	5435	4529	
2308	4960	2611	
4761	5697	7852	
1066	5639	8315	
3246	986	3740	
6301	7732	6109	
8412	2600	7685	
7965	7650	7244	
2931	2535	637	
1967	7322	721	
7960	6365	117	
9124	392	4828	
1167	2680	6222	
3850	151	9739	
8396	6645	5805	
1838	484	3607	
1002	860	5996	
3500	4460	2472	
6958	482	1534	
322	1548	8252	
790	5349	5345	
3650	4711	9744	
5538	409	4167	
2543	6787	7195	
2379	5397	1910	
3346	1807	7224	
7278	2630	9378	
489	5537	3136	
4541	8191	6684	
1610	756	5583	
8065	5174	9301	
7834	7852	4344	
1118	1299	6163	
3424	6123	9771	
4619	3048	1133	
2091	8967	9926	
8470	9134	2060	
4462	7920	3016	
5872	5464	4685	
2214	7184	3161	
3337	771	8737	
7217	8108	853	
6094	1792	1260	
1890	4704	7013	
1824	6706	1500	
5653	7055	5362	
2917	1844	326	
706	4723	3987	
5016	428	9244	
6743	784	6689	
6542	8914	8386	
5330	9550	8064	
31	9688	6907	
7903	9063	2384	
1708	2108	3513	
8423	6616	7174	
7670	9069	9716	
4433	6724	9161	
5558	5306	334	
8313	569	1634	
456	9268	7817	
2761	7185	5775	
8398	5944	5553	
7352	7446	7978	
8226	4162	5243	
7064	8459	237	
2852	7120	2310	
3425	4726	2241	
6451	3783	1531	
2998	8694	5476	
9611	124	8220	
7779	6183	5026	
1067	3294	6965	
7900	263	8249	
165	1092	352	
4363	1297	8221	
1897	9529	2803	
261	4868	257	
4209	2679	6968	
9152	564	9978	
6149	6432	7895	
7930	8958	9058	
2922	7505	724	
5844	4565	225	
4036	8943	9978	
2705	9031	1967	
5363	7425	4472	
5215	9995	2171	
4178	5697	8041	
3352	887	1416	
1894	7548	9277	
370	3119	4080	
8562	3765	9319	
8538	7713	4116	
5076	1595	9325	
7469	2313	5781	
4266	1379	4196	
3174	6123	7892	
766	5013	9397	
7398	6992	9096	
2339	4402	5253	
3920	3043	5565	
3722	5489	862	
1711	8353	5042	
2804	4706	8389	
477	5653	1513	
1720	6708	6509	
4138	7816	8865	
5287	3162	6769	
1895	4898	5651	
9484	2570	9777	
5252	5300	8456	
7275	9445	937	
8851	1027	2358	
5342	8220	5587	
5267	3196	5245	
4289	8774	1098	
7026	1044	5433	
6148	2645	6303	
2806	24	8773	
2859	2557	4784	
1043	8660	6929	
3001	8169	1706	
6815	6546	5863	
1495	4876	9088	
5291	1856	2522	
8894	5852	4533	
5383	5266	4548	
1026	499	1435	
9079	4024	9259	
342	3028	1734	
2391	1904	6727	
6928	5916	5894	
3448	2466	6430	
9880	2948	8958	
7846	220	3141	
9553	2956	9630	
8225	6403	3682	
3397	5692	9117	
3116	3537	5947	
7573	5103	8017	
4182	6053	8261	
4129	9657	1306	
1258	6256	4280	
4312	8567	8623	
1724	7515	3112	
3685	5150	600	
9196	4768	2910	
6962	8041	5655	
4512	5880	7641	
5338	4740	9419	
4917	763	4945	
2110	9836	9237	
4942	8966	6080	
7210	9357	4305	
8925	1708	1139	
4659	8455	8305	
3720	9531	2719	
9737	6440	2900	
6529	2347	5635	
8663	6781	347	
8999	3598	3216	
5929	2504	5923	
2079	8067	2682	
6631	2208	378	
6491	4047	4596	
2353	6719	6249	
5237	2498	2216	
8012	3064	8700	
1554	8653	5902	
7415	8489	6302	
1965	4871	5400	
1137	1926	5070	
5679	7898	4931	
4172	7664	6674	
8223	1474	630	
2312	2721	1317	
3346	7842	3926	
8701	6371	7921	
4443	317	4593	
6194	804	4301	
8151	7009	2156	
7794	8219	9096	
5689	6496	8682	
5302	7643	4662	
7141	4298	2497	
8391	4818	7294	
2023	3113	5169	
6897	2832	9494	
4972	5853	7789	
5456	937	9399	
7927	3458	5583	
3972	5390	9521	
7363	1400	6846	
2193	2494	8730	
5947	244	8508	
2788	6826	4397	
4292	3719	9867	
3267	3503	4987	
8358	4305	967	
1587	4785	1386	
9373	7519	5451	
3177	983	4955	
7688	2167	8020	
6933	2714	4358	
1085	2620	8344	
2794	6698	9588	
5053	7591	1758	
4981	6656	4886	
7393	2643	8476	
4049	8328	3401	
171	4526	866	
2159	9204	5704	
9217	7850	4813	
7976	1172	1186	
2527	1715	7965	
4463	7109	6733	
1603	7053	2416	
2651	2982	2974	
347	6390	3931	
4206	6773	8235	
7315	1106	7664	
496	4492	7946	
3973	4785	1891	
4821	4930	9928	
3828	3412	8578	
4747	273	7943	
2887	7919	9803	
259	9750	6123	
1791	8357	4654	
9383	9472	8144	
6071	7299	9277	
4866	1572	1780	
3182	4948	1796	
9449	5281	9569	
3290	5980	6491	
3678	7831	9652	
5085	6663	3185	
8119	7957	2187	
8418	9548	8093	
1213	3728	5790	
9669	8188	9908	
3757	8904	8220	
2025	3631	6637	
6547	4323	3812	
3949	480	1466	
3735	459	837	
5969	7552	1381	
1797	9863	4278	
1574	680	2938	
7762	2613	5804	
5106	6206	2157	
1702	1841	6701	
6026	4998	2133	
3940	7693	9992	
2984	2166	5644	
2439	9429	4157	
9529	8636	1926	
9860	1517	7492	
3230	1618	8145	
7119	1488	688	
985	6645	2667	
4684	9134	3587	
9778	1590	2150	
5971	1580	8647	
6801	6890	3477	
8210	1875	2634	
415	5715	4249	
9096	249	531	
2010	3976	9721	
4238	7419	8756	
9657	2075	8223	
4092	6220	4730	
1514	935	3660	
557	64	2919	
5793	7469	1726	
2843	2399	8749	
2596	2318	8637	
6747	2446	4028	
9485	2707	2878	
3829	4301	3054	
3336	6538	6537	
3351	1594	5844	
27	3630	8517	
8629	9937	9894	
2908	1622	1560	
8809	9000	6079	
90	9771	6453	
7973	2482	6251	
2317	1933	1928	
9670	5487	2303	
221	5974	6748	
7286	8644	1976	
3870	3363	7963	
5148	7892	5825	
341	3461	3470	
2260	2678	3103	
1538	3355	3850	
7680	6073	3028	
2450	2199	842	
5870	5852	4529	
8816	2570	2430	
9867	6154	4187	
3486	8434	4175	
556	5969	3382	
1563	7841	3806	
7869	2955	2261	
3934	7235	3425	
6722	6307	7631	
8100	6272	1746	
849	3816	9412	
1822	2456	8821	
7850	6579	2880	
7463	7181	2715	
7592	2721	6563	
1840	3122	7454	
6214	3615	2643	
918	5869	4181	
1978	6393	281	
3465	1614	6267	
2571	2549	5487	
6748	1683	5010	
8127	4466	7523	
864	9626	5286	
594	9519	4368	
4088	8924	5133	
1347	6608	1478	
2172	8507	7378	
8608	9630	4023	
3341	1444	9536	
1615	9456	8538	
7776	3445	73	
5070	2653	1001	
9548	1881	9690	
6587	1500	7131	
4654	4571	2633	
2603	1707	7117	
2022	7621	6536	
2537	693	5074	
4349	8334	9090	
5830	6043	3607	
793	8610	6502	
8773	7941	3913	
1985	5931	5653	
48	1108	4041	
8173	7247	7659	
6416	3607	6820	
9198	8021	2772	
3974	632	4961	
4771	2439	983	
5220	9115	2083	
4192	4729	5369	
7013	5948	4277	
1313	8441	9666	
4313	9155	4652	
2562	2791	5740	
399	3068	2610	
9238	1259	6315	
414	1613	9614	
929	2950	1230	
7155	5967	9356	
7278	3968	433	
5883	6420	7449	
9829	7304	3700	
9810	6278	1383	
1225	6961	9337	
7418	2030	6146	
4499	6884	4986	
84	9413	812	
8822	3297	4325	
3229	4555	1275	
1322	6362	7885	
625	7188	223	
6366	5009	7733	
2194	8624	9447	
6768	7832	5403	
2420	5900	3397	
3831	1722	3749	
1931	8999	867	
1008	2019	8690	
1569	3033	3562	
303	3601	9179	
9570	3100	5865	
4059	4234	2651	
8512	2753	8248	
5002	317	6099	
5682	2781	8407	
6432	3436	7418	
9451	3302	827	
8097	2140	161	
408	3894	8517	
4497	9409	6301	
3162	2758	9625	
8464	5629	555	
4960	8576	8732	
2844	5293	5205	
1799	8021	7527	
2036	6175	4472	
9571	2572	5114	
7355	1752	5069	
5043	2092	510	
5350	9343	3713	
4869	8793	7642	
1152	8050	6333	
1776	8360	2260	
3391	7031	443	
3013	3863	9881	
9032	1932	9778	
7584	2697	4479	
2849	7210	3558	
9845	2621	8061	
2371	2777	8181	
3699	5997	7035	
5223	1302	9485	
7297	135	1335	
1462	1947	9150	
7191	4049	2340	
3809	7449	5602	
7604	2109	6015	
1814	3011	3804	
9760	699	471	
2167	5852	6701	
4062	9401	966	
1337	9095	7243	
688	9359	987	
7617	197	9609	
9353	6000	3055	
4290	3311	8186	
4472	7269	1013	
7432	3150	1475	
243	3010	7888	
3200	562	1150	
357	5259	6544	
4531	6348	2840	
621	6025	3357	
92	5347	2080	
6863	7605	5538	
7881	3955	4787	
2409	8868	1821	
7718	2785	8583	
9810	8421	2579	
727	6941	7208	
1370	6966	7756	
6291	579	3242	
1496	2048	129	
5910	1682	3880	
9773	5303	632	
4413	7706	8429	
5014	3031	2598	
3748	6858	6329	
2957	2702	1712	
2047	2536	8718	
6156	7159	6595	
4964	5814	1561	
6684	9200	5950	
9411	1174	1173	
2497	1750	8717	
9403	9845	4455	
1188	2688	9822	
3107	8251	3053	
3603	1090	4189	
4881	8458	3686	
5637	4316	8688	
8272	976	4794	
3557	95	2381	
8250	6884	8935	
849	9497	1712	
2506	1752	8624	
921	5061	2118	
9159	5150	6794	
2075	8164	5501	
7653	4644	4964	
1110	1421	1118	
8853	653	1529	
4262	9902	9454	
7452	4668	683	
4123	4206	9798	
9256	289	5289	
9425	7225	6505	
6125	3426	9413	
5466	9216	4922	
4877	987	2454	
9784	4604	2854	
3208	5560	3356	
5593	6340	233	
4546	2870	8673	
6269	1832	7945	
4125	1241	4566	
6954	6758	7420	
4604	888	8609	
5181	3453	3958	
3690	5836	1995	
8962	2792	5707	
9228	1088	6348	
4918	4838	5365	
8406	1917	3020	
7663	9604	1282	
4997	2274	4616	
9501	501	509	
3909	7326	8394	
4411	7142	6490	
885	518	4891	
4982	8835	582	
6513	338	264	
3542	3500	1244	
791	6343	7155	
8341	1807	9887	
7305	9089	8101	
6057	6259	1192	
554	7936	5979	
3001	7514	9734	
5936	5262	7825	
9198	7448	1403	
9001	5674	8643	
6288	8628	5694	
3293	2398	2514	
8387	4591	8294	
7584	6808	3283	
1293	3629	9107	
4386	620	1546	
3861	3739	8147	
7646	4380	9731	
1422	1379	8850	
7444	8127	4832	
2642	4804	8859	
8468	1403	5586	
3745	6524	4653	
7502	3860	7345	
32	2310	4218	
7697	707	9689	
3134	9016	7826	
6122	1232	8554	
7857	1715	2572	
8112	8646	5827	
9399	957	1107	
5350	6533	412	
1184	7679	7304	
1272	535	132	
3667	7895	9001	
2166	4445	644	
6334	5628	9985	
9128	2666	6123	
1618	1140	1403	
2820	1228	7373	
1374	2714	790	
2036	9105	5342	
6611	6833	2771	
8825	2071	1004	
5208	4677	8615	
8407	8601	6264	
8953	7579	1608	
2015	5723	110	
1760	6611	7647	
8078	539	4346	
3556	5773	8094	
7372	8608	5144	
1135	6064	5225	
5669	7543	3923	
7203	2217	8642	
6021	1907	4228	
7138	5440	1954	
1514	3540	7157	
5342	2094	3754	
949	7674	7853	
1079	6552	2502	
2068	5850	862	
3129	3646	5234	
7904	7082	6398	
7359	7282	4479	
790	5945	1463	
620	7282	8426	
1553	4573	8084	
774	6996	191	
7309	3307	5413	
1304	612	9827	
5044	1495	6838	
2278	5299	4774	
8282	4669	5730	
284	4431	8209	
8265	4703	9125	
3282	3745	1574	
9605	5188	4975	
5677	9342	8419	
9278	7282	5149	
4983	1704	9932	
1880	2370	5008	
7003	7975	6918	
4831	4106	4463	
8533	6442	6529	
8604	5200	6188	
551	6667	416	
3781	4277	9826	
2915	1999	6502	
4540	5518	7432	
3018	4772	8322	
2321	2890	1741	
6393	3250	8133	
971	7535	4183	
4777	4898	9789	
9964	6398	5338	
6128	7920	5116	
3019	9304	9273	
3453	6427	4109	
7892	2780	4577	
6172	1238	2780	
805	7248	4149	
6550	4710	5851	
8892	507	2311	
5971	4319	2056	
7479	7626	651	
5303	1291	3685	
5672	673	6443	
126	3023	9713	
7606	2021	6354	
8900	2498	593	
4492	5997	2932	
6884	2199	8213	
4008	3245	9299	
1631	4958	775	
6617	4425	9441	
9967	5661	1935	
8101	5299	8441	
4906	9420	2677	
5372	6166	2373	
2207	2734	4033	
6707	6160	8654	
3422	2245	2820	
6027	9178	2999	
5586	1835	8918	
5060	8416	8763	
1586	1381	1233	
7508	6443	4795	
1742	8102	1820	
4069	5890	3636	
9392	3790	6158	
9996	295	5767	
8414	6064	726	
3228	7091	6438	
4489	3734	4815	
3544	836	2637	
5856	1721	935	
1063	9315	757	
1103	4049	8650	
4692	233	2040	
9192	3771	2834	
3444	984	2094	
9355	6739	3934	
1030	5352	7102	
7301	2971	2806	
2666	7320	2206	
9884	2541	5372	
6790	3275	9914	
634	9253	3423	
6123	8699	9046	
6024	1434	5644	
6341	9154	3468	
2112	5642	9999	
7930	5733	6020	
4967	9982	1646	
734	1062	7926	
6144	1665	2355	
2104	7081	9974	
3361	2019	3338	
310	9039	2173	
6821	32	2762	
9150	4081	2006	
4866	9800	1914	
1556	4281	4242	
662	4653	9320	
9439	722	4500	
7484	7552	411	
7589	734	7299	
9113	4670	5088	
4853	7766	7565	
2450	523	8524	
1031	6229	3897	
9515	3073	4887	
2174	7018	527	
7325	6796	2982	
2631	847	4247	
1590	2017	7516	
1034	2030	205	
302	8288	3746	
2609	553	2517	
6002	4430	6733	
9738	2452	2766	
1787	9103	656	
1052	5845	5216	
9524	7663	1933	
831	8872	2756	
8815	2522	4972	
9176	3643	6280	
3261	2063	7322	
6197	3878	6644	
258	6247	3155	
7965	2852	5597	
4977	6329	2931	
259	274	2841	
7279	868	6092	
2585	7119	7741	
9121	2362	5742	
7514	7417	1693	
7164	6383	1563	
61	7892	6565	
9115	1914	7998	
943	5965	9838	
3355	6504	8087	
2557	926	2986	
1749	6702	9034	
6509	3638	7872	
9414	1739	3572	
9419	4638	8156	
2129	2293	2931	
4499	7068	5213	
3794	3076	2195	
7911	4177	3568	
1251	9460	1206	
6575	7674	653	
4562	9176	7518	
6733	9243	7104	
3846	7561	1751	
796	6454	6460	
4068	6437	9224	
6163	3332	6648	
982	3841	2662	
9862	9492	9744	
4768	7695	4521	
2325	9352	6214	
9455	5054	6658	
208	3824	6315	
7555	2111	640	
5751	5253	182	
4410	9665	1203	
4936	8306	6507	
9828	865	3082	
7582	7844	6784	
224	7720	446	
2367	3829	1587	
4486	1313	2712	
2355	9602	5543	
7248	1004	8969	
2767	937	5262	
7524	8650	9061	
5630	4577	2953	
5060	130	2790	
5219	6382	3880	
6242	7748	8669	
6003	8671	69	
7304	132	7892	
5349	6138	8369	
3191	9329	4834	
8372	1952	3317	
1187	9107	4920	
8047	8619	1543	
240	6572	5568	
5947	1598	5697	
8182	2451	4066	
3896	4142	7830	
5943	1717	6201	
5066	5078	2804	
5146	7947	7844	
6849	6937	3911	
4587	7076	3555	
1193	3894	8263	
383	3040	1269	
2597	5595	4347	
5745	5792	3813	
7779	457	8063	
583	741	4891	
627	1353	7290	
2495	1028	4922	
4933	1885	876	
969	6457	3951	
7392	9645	4308	
9152	1143	4997	
876	1620	200	
3946	3125	2673	
2308	7600	1228	
91	7629	6363	
5539	5054	9986	
4335	9720	2100	
5176	2255	4884	
4326	9622	9623	
7918	8095	8845	
7509	7337	9949	
5154	7122	7169	
3328	9146	6191	
9805	7445	8273	
4746	5537	6220	
6886	7472	1748	
8500	8359	5804	
7064	6649	1588	
9454	8859	1588	
5538	9991	1577	
5857	7935	5392	
7996	8590	5357	
8682	6801	8879	
190	720	408	
8190	5722	440	
7992	7295	1439	
5513	1260	6562	
5045	4647	9662	
9186	1548	1497	
799	7018	6661	
1756	1056	7383	
4955	1328	2912	
7209	7788	416	
4754	6099	3943	
5151	137	818	
180	4350	9619	
4154	7530	714	
5776	3979	4417	
9970	8878	4210	
4421	6358	7859	
9885	5971	1690	
677	727	8867	
9610	1465	9329	
3730	8713	2118	
8225	4619	7778	
6869	1140	3122	
2463	360	1471	
1645	2711	3380	
6051	927	5649	
8444	3039	7393	
7479	2571	1631	
7071	1815	3662	
5506	6205	1219	
6028	5226	1924	
6152	3698	9197	
6830	6667	7503	
6376	1673	1487	
7561	6258	6795	
1620	7019	2254	
6866	9497	7228	
8955	5670	4962	
7836	7958	1406	
6564	4429	5343	
2972	7469	9612	
9385	7142	2865	
2410	5882	9026	
4608	1580	3138	
9805	8835	1259	
6169	7320	6068	
4009	9217	2559	
509	8897	3035	
8327	2553	8329	
1941	1796	6328	
1559	65	6788	
4110	9917	3504	
348	3370	7842	
8365	9996	9139	
1407	7495	545	
5166	8322	7414	
5784	9629	146	
2991	9178	6146	
6785	8690	4488	
2402	2983	7313	
3988	3636	3920	
2219	7705	8504	
7140	4310	505	
8804	3630	8922	
2945	186	5932	
3402	4154	6982	
4323	7086	5679	
5154	6603	6908	
6950	2284	4574	
5254	2589	9264	
5641	204	8995	
319	1916	6066	
9136	3617	2772	
3388	3633	2758	
7106	2709	8980	
6296	3704	3088	
12	956	6847	
629	8930	344	
616	1565	8568	
1310	9485	1097	
5371	2470	9491	
6460	2500	6362	
5679	8042	155	
5211	2978	9944	
4330	8034	3170	
3490	1833	9552	
1462	5931	2714	
1974	3021	879	
147	961	8012	
4853	1636	189	
466	256	4308	
3706	2506	3765	
2349	1500	957	
7126	9808	316	
5793	45	6294	
8764	7730	7428	
100	5448	58	
1057	4586	7368	
5760	3200	2040	
5538	8587	8712	
3613	4908	6050	
3311	5182	6191	
6529	1225	5936	
4983	2073	7500	
9138	1606	1013	
2559	5449	6169	
901	1105	7193	
355	2233	2069	
6989	8501	5996	
9483	6628	4895	
1562	6874	3096	
5712	1807	1642	
9564	7912	6557	
9998	1905	6191	
7993	4750	2517	
1295	7555	1586	
185	3436	593	
3819	573	1380	
3255	1852	6986	
7746	9044	8245	
9499	7612	5644	
3792	5353	7900	
2061	4180	8258	
6139	5425	1495	
9045	2489	3568	
8961	2925	6346	
5390	3563	2296	
6826	8552	9654	
9506	7473	1654	
5864	9395	6322	
7070	5346	1633	
5981	2821	2797	
2435	8820	8370	
2946	3364	571	
6929	9336	5968	
4393	7665	5816	
4894	1435	1179	
6525	6122	9543	
9631	6536	478	
3725	3645	1040	
5836	5770	2860	
2693	9675	2246	
2298	853	7547	
8542	6849	4728	
6070	4252	6114	
9702	9622	4210	
1	1065	5869	
405	4957	4045	
5556	1014	5274	
3283	996	4220	
7629	6693	6475	
7581	7939	6628	
8491	7212	5326	
7133	7509	7787	
4158	7082	1997	
5698	1640	148	
2010	4824	3093	
1926	7932	9246	
3225	9309	7354	
7995	2925	828	
8344	1730	4284	
8332	8865	1872	
103	4289	1111	
1969	3830	1831	
4196	5778	444	
7643	8747	4321	
3557	4806	5744	
4656	1967	6580	
1601	1081	5794	
2243	7984	2843	
4252	4263	382	
4195	2141	3610	
4789	6918	4477	
6961	946	3626	
5461	570	8541	
3573	5409	5056	
2774	8829	3983	
1825	3086	4526	
9940	4119	7279	
7274	5388	9475	
4761	1850	8347	
9864	1290	9811	
5093	1043	7961	
3268	3047	4104	
2464	7932	3264	
2679	8915	24	
3343	510	7505	
3514	2362	6248	
9478	9877	1208	
3523	5130	7845	
2892	8159	5114	
7099	4686	3890	
5713	3366	6343	
8985	6898	5069	
2185	713	2133	
2249	10	2372	
3020	6880	1163	
8182	8208	4812	
1737	543	2333	
5722	4094	395	
2614	6109	9813	
8189	3911	4739	
121	9194	5142	
3200	4280	3986	
6900	9494	6073	
2665	6997	8950	
7143	4739	2394	
4736	7177	4415	
6103	3863	3264	
6106	4182	6128	
9228	4484	5032	
5464	43	7312	
9603	421	1983	
4292	5404	8341	
6555	81	8130	
803	682	6332	
8117	6584	6508	
5451	2193	1661	
7565	3083	9339	
7583	6324	526	
2150	892	3909	
6850	6306	265	
723	1932	4915	
7510	1702	5908	
41	7209	1620	
3002	7281	6967	
3792	6998	8807	
5921	8572	813	
3590	7259	7115	
6176	4158	7496	
8632	9470	849	
6753	9516	5929	
3850	8036	4160	
4470	5530	6105	
6160	7502	7488	
2032	3880	2626	
5333	934	30	
7083	5985	7431	
4379	591	1437	
7645	375	1263	
918	1670	2896	
5278	5114	9572	
9703	5133	3667	
9421	8855	3569	
365	2131	6051	
2213	2390	7406	
1706	5739	8081	
9045	8298	4926	
902	924	7518	
3892	4554	3976	
5301	1599	5958	
1709	9825	6530	
7239	9032	1624	
8401	4817	3928	
7931	1937	9152	
8055	5617	2734	
8829	1991	3791	
4348	8170	2200	
694	2565	6506	
3798	1705	6992	
2224	127	4617	
403	3730	4609	
383	9727	8505	
7138	5125	6346	
2488	7065	8561	
7850	8775	3802	
8447	5469	4987	
8816	5402	6998	
707	3362	6407	
3938	2434	3464	
2030	456	3316	
2038	5078	4942	
4654	3319	7228	
1128	4279	2885	
624	2236	8541	
9749	3260	9697	
2325	3760	4657	
9990	7955	2363	
3104	7535	5105	
1336	8993	3977	
2160	7301	4532	
1023	6073	3506	
7154	3045	1599	
2161	4334	578	
8931	6134	6590	
3978	6066	6270	
416	665	4335	
6683	5883	9948	
793	1565	3971	
7690	3080	61	
6856	16	7658	
451	9420	6441	
2420	8231	6255	
9404	5607	1908	
4969	9263	2433	
5897	7603	5946	
5197	6297	1154	
3638	8600	1826	
2737	3749	4337	
8634	442	4395	
4764	534	7936	
5705	9858	3957	
9932	2234	233	
1016	7218	7015	
2012	661	5152	
277	5031	2289	
4707	7742	7265	
2858	5557	2717	
6773	6887	5351	
8691	4895	1095	
598	7414	1920	
6	4893	5625	
6750	7918	3896	
599	7291	7930	
208	9353	1457	
6006	4535	9463	
2631	1138	7298	
1867	4930	9765	
3342	4817	1306	
5022	5568	154	
3047	5062	445	
6032	2793	2050	
4499	6868	7153	
9588	7266	6643	
624	7376	7163	
4039	233	8652	
9107	4602	2981	
8609	4595	5621	
3364	1247	8352	
5190	5643	3676	
9522	736	3742	
1853	4451	7132	
538	7549	9414	
4014	8479	5530	
2273	4994	3753	
4847	6968	8997	
5531	1804	4023	
7584	8103	3074	
5820	959	7275	
3978	7631	9505	
6875	3285	4431	
8887	6678	9358	
7003	1391	1400	
4668	8633	2026	
3949	7908	6582	
1865	1229	9403	
2107	6583	4584	
7416	4744	5744	
1966	3224	5488	
6831	3707	251	
672	3364	1054	
4284	8749	1157	
3397	4863	7673	
2619	4711	6098	
9378	3485	957	
1061	6135	6539	
1054	3702	9448	
3729	5093	8326	
4521	6299	4433	
3559	7410	1223	
1497	3543	1350	
9333	154	3046	
4510	3116	7358	
5586	1986	1702	
4395	3652	5075	
8204	4309	5043	
2648	332	2513	
487	5218	8294	
1431	6184	8430	
1718	9618	7061	
6519	2044	9208	
1696	3686	4104	
7089	3286	8567	
6464	3430	2301	
9513	5316	5943	
822	7361	8120	
3432	8497	9371	
5664	5673	6256	
5055	2379	8337	
8100	5644	3606	
1334	4163	6692	
7841	7020	2379	
4883	7759	5096	
2065	2380	2247	
3199	1618	3954	
4903	9487	7275	
8769	6472	4458	
8499	5175	4492	
9803	7621	5538	
1716	4999	2732	
822	3982	3905	
8104	4507	3580	
2633	5341	4897	
9536	3410	1946	
1633	2819	1454	
2295	8658	309	
2809	5095	4965	
4814	9807	4333	
9453	2387	7115	
6747	4446	6741	
3101	9558	225	
8611	2758	4805	
4545	2607	995	
8696	6933	7438	
4	8822	3466	
7353	7544	6558	
1420	4609	3271	
8591	7554	8095	
5467	4451	3731	
5497	2716	5814	
5080	3265	5127	
9477	9648	2312	
4042	3601	4266	
1103	6286	2018	
6226	3534	5090	
6712	7995	3261	
8848	8157	4725	
2655	7806	9623	
1020	6639	5779	
2089	2205	5043	
7187	9753	4965	
3885	6633	7644	
2487	913	9553	
2493	1242	4944	
2319	8045	8941	
4866	6399	5525	
3112	8451	1834	
2727	672	2708	
3585	8258	8470	
4290	1321	1235	
734	1044	8068	
585	2135	6413	
664	8593	6107	
3298	9614	8848	
8212	3638	6009	
8495	7465	6400	
4160	6736	8852	
4094	4410	8527	
4178	835	7813	
4356	582	9003	
659	2197	1258	
6288	5730	9209	
5811	2917	8838	
8983	911	95	
4102	6380	7790	
1268	207	4715	
3114	6875	3385	
3790	5045	9043	
5732	4907	5326	
3808	5374	7315	
511	5952	6132	
7524	4534	6827	
8290	7853	5597	
3081	3641	7233	
5960	4349	6012	
5813	395	4383	
5143	7972	5237	
1288	8557	9603	
7709	7590	957	
5726	3640	303	
3711	4848	372	
5779	4448	5634	
181	3658	5368	
9979	4121	5468	
5620	8901	2825	
3295	9397	8192	
4542	4315	1797	
8368	7726	9802	
1985	7714	1442	
635	4519	508	
1509	2357	285	
3585	859	777	
3083	8580	5995	
800	9943	7316	
7387	403	6251	
8118	3158	362	
6325	4561	493	
3612	7659	6770	
1927	7061	2792	
8911	3254	2901	
5400	2313	3176	
9717	4428	5050	
1478	9045	4186	
8334	3629	8337	
3652	4111	3846	
1570	8547	6536	
4500	4624	3616	
4651	2474	1493	
5246	4557	6966	
7805	392	1375	
510	9098	1987	
7928	9238	6212	
7183	5342	3114	
2925	3471	2612	
4350	4562	8419	
7805	8608	9357	
7790	4687	6279	
9543	8601	2882	
5210	716	7587	
6519	6463	1127	
483	7238	1390	
4236	7980	5727	
4002	2660	4731	
3730	9324	1635	
4736	9355	5891	
245	8695	6933	
5420	7383	18	
6383	1217	2803	
1957	3371	4561	
6979	6461	3187	
5365	6566	9181	
8199	2970	5600	
9655	7601	5648	
7339	9796	7770	
3598	5612	2064	
5205	6543	9441	
981	7080	6493	
6182	6162	8108	
8696	7318	4967	
1306	8691	7166	
3024	9157	7772	
478	7788	2838	
4534	2649	6056	
4914	9125	1100	
2045	5449	3605	
459	483	5351	
5751	1335	8544	
8781	3752	188	
1106	3466	5536	
7814	9396	4274	
3476	8243	6720	
9905	1225	4372	
2977	3113	4982	
205	9604	5830	
5620	8156	8235	
1155	8565	6246	
2429	6550	5725	
3357	1534	8886	
9682	9997	294	
4253	4012	8566	
1664	9960	2904	
388	7393	7291	
7391	810	3171	
9841	9934	9694	
574	2193	178	
6237	5122	557	
6433	8175	4418	
2324	6728	2501	
6880	215	9725	
4287	3954	5769	
5536	4010	7054	
2847	8307	6327	
4872	3687	3810	
3046	3844	8196	
2929	3681	105	
359	8594	4997	
7525	8234	3279	
6251	8711	2295	
7017	2374	9949	
3749	8750	3348	
2522	642	9809	
2407	5395	940	
9881	302	2567	
9129	4743	1276	
7257	6774	9029	
1978	8971	4412	
7048	4728	9977	
8943	3282	1038	
6127	4625	7415	
5057	5975	980	
1769	4178	2387	
1228	5858	2240	
4067	6082	9613	
541	6788	5461	
1314	862	3830	
6666	2636	7516	
279	6037	2777	
2504	6353	1504	
8349	9916	2781	
1656	4179	2092	
3251	567	6962	
2587	128	3483	
5031	6265	6130	
6054	2165	1370	
7362	4319	7925	
8130	9822	6821	
3948	3805	6178	
5828	8424	2171	
2146	1856	118	
6040	1751	414	
19	6762	5156	
7042	4716	5923	
6132	4691	5877	
6535	2131	267	
4323	4215	8437	
2107	6215	6235	
3830	3995	9623	
255	2958	5854	
8378	9044	5664	
1444	9679	3207	
2305	2793	7194	
2783	9472	8282	
861	8352	4950	
9144	6384	2476	
7978	9126	6876	
6505	8833	4349	
3513	1310	7825	
1694	3154	9095	
2049	7303	3250	
9400	9039	175	
2525	4237	6637	
6955	5101	7824	
4648	5027	7672	
8500	5015	3087	
3514	6303	8253	
8746	3428	8516	
3514	3257	6017	
4222	4308	6421	
3793	2040	8462	
1139	7284	8329	
4642	2949	6628	
5390	5248	7338	
7119	8144	659	
9296	16	6020	
1340	3018	6585	
4177	6526	1100	
5152	5404	837	
7507	3763	8959	
6115	6546	5304	
8552	5129	199	
8501	4141	366	
4411	7496	7822	
4287	7897	181	
2403	3155	7430	
1979	2404	9594	
8798	7937	3895	
4769	4240	1538	
3540	9285	8879	
8545	2037	3282	
2137	6923	3721	
5638	773	9880	
5720	2070	1733	
6493	4256	2477	
5707	4546	7661	
8557	3912	4971	
6120	3955	1871	
5429	6438	2476	
3225	6270	2977	
2557	9217	3649	
2181	7156	1071	
6718	8816	969	
2802	5170	1836	
4080	1158	599	
809	1773	2278	
6298	4547	8932	
5227	917	1059	
829	1122	5193	
4034	3921	3019	
8154	4087	6035	
1550	2743	8321	
621	2440	6468	
2273	3814	6851	
6550	8959	2253	
5283	8138	1325	
5845	4397	866	
3544	2141	978	
3277	3898	8347	
1833	7026	3037	
8916	3035	9865	
1402	1594	2472	
5302	576	2739	
8007	1523	9696	
1362	2394	2456	
5476	516	9504	
7834	8752	6873	
1747	1149	6112	
2844	4914	2199	
3009	3361	3354	
35	5085	3339	
8109	9055	7038	
2855	4100	3906	
3187	1512	4736	
8525	7136	9311	
2076	909	5359	
5495	8383	5594	
5253	4507	414	
3968	2208	1477	
4158	3863	2508	
3411	2567	9985	
4949	8680	6660	
3631	2134	668	
8230	3344	7744	
945	7945	8248	
3254	3539	4446	
2873	8245	8267	
1063	5568	8545	
4353	7745	7470	
5467	5851	5643	
3137	6095	2534	
1478	5135	9369	
559	7045	9391	
1655	6207	5475	
7251	1066	3521	
7411	9814	2998	
9217	9954	4894	
8953	6787	7658	
5278	5208	2941	
1216	4971	4789	
8018	8045	1241	
5213	156	5193	
3777	702	2485	
9331	6417	7077	
7123	8493	4672	
5125	9677	5060	
28	3812	2174	
974	8130	6127	
3796	8220	5033	
1854	3173	543	
4348	4402	4704	
5383	4018	4171	
1259	2134	5676	
1671	2222	6082	
5946	7972	2123	
9258	2266	4470	
7289	64	6926	
9715	4188	8597	
1113	1260	3522	
4450	5062	695	
5436	9202	2100	
7751	5703	1661	
3458	2285	9494	
7471	2499	5752	
9886	456	5998	
7831	4158	5820	
9270	8383	9096	
7402	6544	5209	
9456	746	8902	
483	1025	5984	
2327	262	6	
5549	4728	4199	
2204	2580	3339	
5815	8865	2314	
5803	5957	9464	
7894	3009	8788	
4717	2297	2566	
1367	2719	5607	
9318	568	3231	
7203	2461	3912	
8708	5657	3313	
9456	5128	6180	
2891	2518	9426	
4640	7315	7740	
5664	1657	4007	
5603	4769	1363	
343	5981	4861	
9171	2753	8479	
8738	7146	1588	
5333	8924	1218	
5235	6127	8991	
2049	136	7817	
4612	4171	306	
9769	4718	500	
1116	6513	1672	
5378	9627	8421	
7997	305	9156	
1766	195	5056	
3016	9821	5956	
568	3086	6707	
3739	2637	2651	
2189	7800	1133	
9792	885	7472	
3334	2591	6963	
9844	7956	8955	
3466	8555	1512	
1852	3359	3535	
4900	5324	517	
7969	9714	5361	
4468	3658	2709	
9527	8856	3712	
8679	8953	325	
1505	7777	3212	
6247	8830	57	
1801	6600	615	
8005	2292	2843	
9887	1759	4909	
8726	2620	7697	
4947	5964	4493	
8415	8704	3544	
2936	4419	3893	
3590	799	8676	
8594	6635	7390	
2832	2866	3045	
1108	216	897	
3212	7196	8283	
4555	6024	7063	
5626	6243	7372	
4183	3243	6044	
3601	1018	378	
8088	1805	1489	
1769	6458	7234	
5852	8487	6026	
803	4869	1839	
9221	3793	2837	
23	2029	4964	
6903	7481	116	
9188	9191	3151	
9537	5816	2773	
9687	589	8453	
8172	8550	1997	
2952	1834	5353	
812	4544	9996	
1574	8163	3954	
2920	6609	8584	
5199	7750	6539	
5825	7315	6171	
548	3683	7060	
5123	8961	5915	
5211	9146	4729	
9080	8863	1576	
2537	4436	7916	
4055	6023	4029	
1379	6354	5156	
7956	219	9227	
9371	8736	9541	
553	4822	704	
7741	7597	5679	
3132	5500	2159	
3156	678	2747	
1578	8004	51	
914	464	5558	
4288	4302	4667	
4136	3778	1728	
6658	6677	7102	
450	8244	2368	
9714	309	3924	
5693	3214	2519	
5200	4111	866	
3824	2304	1644	
3750	7595	4312	
2540	9280	8993	
7626	2800	2965	
1376	7195	7920	
3231	8075	1728	
4413	567	3292	
3653	8389	6032	
4085	3129	948	
2976	9155	2186	
5223	7675	2323	
7080	1533	7549	
2559	4969	6982	
5956	1601	457	
157	8520	9864	
1691	2658	1960	
8824	2368	4864	
6851	9212	7058	
9453	2991	6551	
2686	8368	537	
8056	2205	7148	
6185	4107	5309	
5035	7633	1483	
9088	1606	9235	
3158	625	9760	
7100	8362	2318	
9939	4641	8123	
6838	1458	6276	
7558	2017	8061	
9139	2031	8886	
4179	6061	5367	
8653	930	5746	
7546	9442	2074	
1574	6692	1746	
8623	1873	9299	
3910	493	870	
2536	233	1366	
334	8279	1447	
3687	8688	7262	
9700	4968	7280	
7171	2597	8834	
1873	2358	8415	
1948	552	6693	
9451	8702	2495	
3133	5491	8166	
4258	1822	8652	
5304	2329	9192	
8991	5856	7683	
2690	2309	1203	
1051	5161	2607	
4115	7050	4485	
512	2258	5017	
439	6343	430	
5680	9599	684	
9627	6384	1739	
5350	4910	9978	
3465	3559	1605	
3338	2301	6326	
6932	2579	1358	
5638	9290	7032	
9034	9095	3826	
756	9242	3145	
9445	8135	961	
5945	1933	830	
14	9274	2901	
6638	5712	33	
4844	8268	9641	
348	8600	6892	
1067	8319	5494	
804	7871	6493	
5648	5803	3541	
9472	7176	1476	
6086	4934	3905	
9425	2405	9048	
4077	7382	1572	
6103	5200	5212	
8866	3973	3747	
7870	1762	8574	
4869	6307	4551	
3601	5164	5832	
8971	6062	3017	
4457	879	9390	
521	5484	2637	
4602	4152	3739	
5193	1673	3377	
2348	774	9145	
9136	6414	6884	
7337	8392	6946	
8455	5296	176	
7156	84	9118	
3224	9860	5572	
3758	8649	7878	
4459	9268	938	
7762	9314	5049	
6976	5464	1056	
4287	4685	8340	
