1138	3300	4695	
5195	2912	675	
2127	3871	698	
5851	159	5174	
8356	5432	3881	
53	9535	189	
6197	3894	432	
6596	9798	5316	
5257	2259	8011	
5606	598	2298	
2351	7657	709	
7385	270	2821	
5267	5775	2692	
2305	4463	9965	
9907	2707	6750	
2712	3504	5808	
5994	2765	1451	
2673	3655	6992	
8730	9558	9860	
8765	2593	3925	
1738	3631	9647	
4363	6645	4174	
984	3475	635	
1827	8795	7252	
2317	792	4799	
3524	1930	7930	
1871	4395	7834	
7552	4638	9234	
6190	470	6537	
4426	2818	4418	
7752	4777	2507	
6647	9297	9808	
8483	9751	7929	
4824	8606	9540	
8407	5050	9096	
431	2215	8589	
8525	2354	1256	
5818	7876	4217	
6515	6956	8249	
8026	7208	9988	
5829	6949	4679	
9784	6221	2647	
6615	5323	36	
4409	4774	6504	
3038	1173	2174	
2424	4594	4904	
6240	675	5418	
7027	9344	3971	
2282	9564	7453	
324	6427	5649	
6667	55	9315	
4668	4847	4022	
4243	8914	1910	
1378	6413	9494	
4482	583	1823	
235	339	8834	
8912	1814	846	
6825	2342	481	
3756	5336	7698	
6732	3361	9132	
4185	7311	5014	
8936	2927	1562	
4694	4421	242	
221	851	2183	
6784	5363	6994	
3898	3734	1209	
3801	379	1767	
6589	2259	851	
7317	7474	9182	
5646	5039	6671	
7938	74	3286	
8647	1917	5243	
8238	6483	2959	
187	5262	9179	
2688	9855	1075	
1829	6985	1636	
7015	3716	310	
8840	3946	4657	
9637	8886	2986	
9367	6683	2665	
8245	7352	9572	
5761	3992	8941	
8996	7156	8946	
1883	1023	9755	
842	4945	8978	
333	1577	7006	
1772	4682	6822	
8591	4780	6045	
6381	7606	9384	
8741	1915	5542	
8167	573	4152	
1483	8348	7734	
6209	279	8191	
6630	4208	4742	
377	6122	2827	
4547	9213	9799	
3894	4883	7406	
4430	5350	2863	
8400	4190	4884	
5280	2367	308	
9017	3747	1398	
349	6380	4796	
7693	3132	3989	
7574	2402	2358	
5837	4344	386	
7898	6053	5012	
1540	959	5519	
3305	8563	5142	
7164	4888	8214	
8783	6275	6451	
4782	9895	9307	
5937	7355	6350	
4933	5535	603	
1703	4505	3200	
1296	4376	4972	
9541	8717	6849	
9723	1080	1341	
4426	8326	9602	
3920	3637	4508	
7437	4546	7539	
7342	4483	4618	
8307	9123	8597	
4476	1716	2520	
2632	5099	4715	
3201	6009	2223	
128	2625	33	
5582	6563	834	
5476	8411	9020	
8705	2180	9784	
3008	8761	7298	
792	1903	1546	
3460	2710	5563	
9974	5842	6188	
3491	7528	619	
2497	3261	7073	
8596	5217	9474	
9696	7264	9834	
6786	4765	6524	
4833	8105	659	
2449	9343	1786	
4456	9308	2812	
5463	6922	8234	
4806	3011	1271	
7821	2622	222	
2777	9580	4783	
9408	8588	8150	
4060	8449	9101	
8391	6980	5252	
9329	9267	1461	
3908	192	9071	
1930	9831	508	
1231	4338	3103	
1474	9658	5519	
9375	267	8249	
1031	4811	4575	
1839	347	2152	
1383	3	6018	
3730	4541	8920	
1	2332	2338	
4877	2249	6114	
2668	3488	9661	
6155	6714	7790	
6574	5291	9894	
9142	581	6900	
7238	9259	4028	
6060	3902	5448	
5161	3513	4837	
4765	4936	4089	
6914	8424	5732	
607	9924	3567	
34	1959	2395	
474	9627	635	
4630	8254	4627	
3102	6010	1923	
7338	3189	4219	
5127	7471	2902	
8842	5355	6908	
2136	4075	2763	
178	4314	3730	
7627	402	1727	
7434	4717	6516	
1671	4242	3615	
5224	6714	5604	
3986	967	2845	
82	4373	1668	
566	6287	7087	
6997	8140	4552	
9612	5384	6216	
8717	159	8100	
8008	4272	5989	
9789	6306	2969	
8058	8147	5286	
2883	1221	4920	
4476	7783	1438	
1116	1548	6419	
833	3255	1004	
1798	7034	4322	
4868	5418	2319	
6786	3805	831	
4269	8434	8264	
592	9595	4076	
3116	4308	59	
2707	8455	6916	
5407	5568	8357	
8388	2408	8136	
2862	9487	3545	
8102	4922	2467	
1354	3946	8880	
3814	2424	2509	
684	7044	6922	
5904	3566	6022	
3183	7184	5647	
369	7715	9896	
2463	9656	1601	
2212	6858	2254	
7841	8525	3833	
348	4946	5765	
2036	4299	3	
4097	7157	6575	
2092	1710	6552	
7969	2410	9585	
9806	5863	4375	
4591	817	2401	
2263	5318	5810	
2915	3934	7974	
1614	8346	4448	
9616	1263	1581	
7521	3945	6895	
5522	314	5498	
6247	1593	8221	
9448	5957	5561	
8080	9131	4700	
181	2037	1037	
5973	8779	1930	
4017	132	8409	
3756	1261	229	
7132	2023	4741	
5173	1590	2360	
2133	1053	5371	
8739	1547	3881	
6729	8000	3055	
4967	1313	2224	
3456	2091	4198	
8606	1165	1568	
6817	2849	924	
8504	8622	7678	
5866	3060	1335	
2762	4352	8335	
3755	4476	8286	
8052	11	33	
3607	369	8017	
7610	8552	9747	
6029	1904	4406	
416	8077	199	
2899	7668	2776	
896	9229	3619	
3287	6984	3811	
8222	8496	7646	
9637	1952	8737	
7634	8071	568	
5526	8969	2305	
6177	2775	493	
5414	3580	5968	
9825	2879	7279	
4302	2562	5508	
7079	9715	745	
6342	3753	9095	
1982	2844	4199	
4203	9270	9255	
9182	7850	524	
3492	5771	8991	
4894	7470	5518	
3885	542	7742	
4982	5983	345	
8992	2092	4461	
5637	5939	5820	
8119	5731	7916	
1310	1377	7716	
1255	6211	652	
8231	3036	7627	
1356	8816	570	
3811	2155	9765	
7843	1531	6281	
1202	4595	2374	
6190	6284	6589	
6459	9966	7602	
2420	3048	8968	
6928	6756	1046	
5243	3677	2907	
8295	6006	6773	
3511	1436	778	
1249	8028	851	
365	8081	3890	
8542	3662	9483	
4969	3487	4000	
269	2730	1679	
5830	4015	2812	
7390	6745	1156	
6944	8036	8937	
9471	2137	9142	
8141	7875	6171	
484	4120	6194	
7055	3344	1403	
5831	4048	8489	
2001	7791	2885	
9573	7802	7025	
2219	6013	2024	
6303	7519	1778	
4080	9028	5701	
2749	3693	9069	
1719	948	7303	
6069	4733	3881	
2410	5913	5590	
3340	5095	1210	
8657	7265	452	
3360	9818	6108	
3168	59	1012	
4345	6951	8053	
7967	5640	9022	
8388	8567	2085	
1356	5484	7049	
6614	9622	6528	
7010	3133	1973	
8440	37	9501	
6357	9887	9897	
2394	9181	8084	
5357	6409	7190	
7536	5481	2198	
2153	8087	6946	
181	6666	5911	
5961	8464	3083	
9438	4194	2527	
1310	3048	4972	
6933	5195	2709	
3393	3735	3610	
9337	8731	9799	
2702	6205	3441	
6463	5343	4436	
4077	9450	6417	
8488	9100	1836	
9750	2338	369	
417	7565	6824	
8902	771	1829	
6192	8944	7493	
5266	5891	7149	
8940	8858	5837	
5021	1918	5549	
385	5067	3490	
5535	1881	8630	
4743	4772	2123	
3280	2465	1846	
5864	8546	2046	
3990	9086	4746	
5030	557	6685	
9634	4849	8461	
3846	1374	6978	
1257	5118	1810	
4769	8173	3875	
1037	2887	3739	
1126	8038	9602	
1348	662	9522	
552	8592	2686	
3407	6681	4522	
5092	8705	8621	
8794	8018	646	
8940	3104	3921	
4919	6796	1402	
2033	4797	8389	
5858	6598	1182	
4561	8695	1053	
2419	2303	2663	
1132	3415	2662	
550	5831	7294	
3190	8813	2542	
7647	5403	7970	
1604	8960	1675	
2559	4378	8524	
6431	9234	3882	
1268	8798	8001	
6272	7263	8468	
3607	6562	4239	
6977	8415	7441	
6850	494	6012	
3847	5857	2715	
7091	1424	2249	
8100	8582	5734	
4819	1234	8414	
2644	9682	8813	
6180	1804	4329	
3327	7692	852	
598	9412	7854	
7898	847	7886	
2578	1513	9000	
4548	8136	6836	
6974	6282	6225	
911	50	8812	
9949	4253	4181	
9877	7698	1011	
6749	7804	2805	
7723	8369	7613	
5193	6838	4183	
9414	4753	8025	
9399	680	6723	
200	3548	7981	
3772	2336	4743	
7449	7066	61	
3119	5864	1625	
8220	7049	4247	
6765	4811	5887	
5327	8809	5709	
2528	6764	1834	
6201	5061	5693	
2980	5538	6827	
724	807	9922	
9794	1532	2172	
9503	5937	8394	
7474	895	4979	
139	8335	3640	
2706	6221	8149	
864	8078	3195	
3124	6051	7274	
3600	8629	4707	
2964	7853	1338	
218	2207	5701	
7952	4507	1087	
3237	8094	3142	
464	2113	4861	
9178	6611	4234	
7395	5700	5557	
843	7853	7334	
4366	8867	1897	
1187	9811	7549	
9901	7783	6489	
3642	2600	3988	
4167	1633	2355	
1575	518	6509	
180	7784	6168	
7124	767	2848	
8066	9079	712	
5685	9623	4933	
1017	337	9410	
2251	4556	5153	
5423	7782	5271	
4265	2839	2841	
8930	5589	5287	
9402	2821	8474	
2316	8406	1986	
6218	8588	6373	
364	4518	3748	
5400	2803	3199	
9994	6303	8845	
7365	574	3607	
1539	4880	5762	
3488	3829	4989	
9571	1613	1787	
9584	5058	6709	
8473	1352	9556	
9926	4637	8064	
466	8665	1289	
7153	2366	8864	
3383	3077	6595	
3644	8622	4758	
9783	1676	7392	
9621	3072	4607	
1389	9127	6383	
5931	7064	969	
9966	5942	3059	
133	1090	1073	
1177	6445	8909	
8068	3752	163	
8787	5604	8810	
3963	310	7969	
5806	8344	96	
2909	2712	4915	
2300	2535	9793	
9147	9730	1685	
4700	7894	3885	
3696	5767	277	
9515	2409	9850	
6469	1488	8410	
9167	7746	7735	
487	7966	1446	
5191	4722	979	
4479	461	4574	
3342	1039	9148	
3996	6599	7981	
3006	7649	7180	
5129	4661	9993	
7929	2204	8226	
5988	6371	7341	
8113	9406	9921	
3984	3167	4813	
8887	9338	1017	
7443	7104	1551	
4243	8835	8407	
9644	7762	6641	
4114	8465	3079	
5122	8860	5910	
2888	6435	14	
9390	4108	53	
7833	1689	3586	
8005	1314	8435	
9359	9594	6186	
5514	9362	8456	
4473	8237	4166	
8129	1015	7583	
2611	7003	7863	
2283	4289	7597	
8768	2642	5931	
7587	9784	2239	
2956	5825	1951	
6636	664	291	
1126	7534	4969	
1779	2859	4010	
6357	164	306	
1275	88	4219	
2385	4460	2708	
1934	9000	239	
4321	8052	1403	
4080	7794	8588	
3581	7108	9590	
3466	1595	9515	
2727	8732	4866	
9188	5299	8891	
5598	8976	8837	
2556	6160	5534	
7792	5718	8650	
886	8247	2398	
9802	6625	7419	
5454	5602	4213	
9633	9764	5120	
7327	5295	4726	
7359	4377	1540	
1748	6888	5083	
9153	134	838	
3117	4616	6724	
8229	6298	2351	
5764	2838	5057	
6769	1694	6626	
325	9473	6044	
584	2085	8012	
4509	2821	7621	
4410	6648	4607	
8427	1920	1326	
9902	4278	8614	
1448	8903	8823	
1536	5408	9799	
3716	9819	7227	
5064	2866	9030	
5091	8771	3664	
5994	3843	882	
6963	6503	3484	
9248	6059	4732	
885	8432	4916	
6098	7551	9399	
872	598	4326	
5239	2962	8770	
627	9545	4190	
791	7118	3317	
4316	3577	241	
5761	9876	1943	
8776	3860	2691	
1381	8309	2726	
4675	1528	7856	
8614	7721	1197	
3883	9303	5799	
8614	9395	5144	
2466	6082	2802	
1855	286	392	
8530	1505	6309	
5504	3596	4048	
902	2574	3870	
8945	90	2428	
2507	2825	6002	
8066	4621	8852	
7789	9237	6646	
3362	790	2649	
9299	2895	3593	
8036	8721	9357	
2854	9329	4618	
7279	4558	7550	
1256	7668	7578	
6131	8330	8511	
3004	8894	3844	
1679	7197	2591	
4896	4112	8565	
3917	7971	1405	
8233	212	9051	
2607	7518	636	
8420	295	9099	
4071	6330	8884	
9869	1734	6632	
3730	6501	6728	
1567	6815	5228	
2209	3778	7403	
198	6275	2782	
6011	9636	8027	
6599	5930	2387	
2794	1086	5245	
4051	3038	9839	
1633	162	8909	
6774	1780	1782	
5230	8081	9148	
9161	3572	2033	
9656	3790	7623	
7498	6049	1251	
6672	2282	7148	
7599	8577	1190	
8975	2842	3359	
9680	6429	8044	
7102	7925	4304	
1805	9975	7570	
9698	3996	280	
9703	4104	1532	
6696	4436	4908	
4872	7061	6480	
3781	5510	5932	
5944	1573	553	
9861	6084	255	
8385	9384	9125	
9570	3118	127	
9755	7015	8274	
1146	899	6547	
8804	249	1166	
2025	4976	5530	
8924	4591	4315	
4559	807	3115	
7493	1675	6589	
5275	2519	6937	
6869	990	6764	
568	8562	625	
8876	7319	3029	
5722	9380	9	
1644	731	7889	
5253	2585	7363	
6666	5614	7838	
3239	8078	1145	
6596	9384	5538	
4384	43	929	
8781	2450	1916	
9952	7567	4676	
9626	3710	6395	
8377	5303	1661	
3334	3017	770	
5853	376	9201	
1949	1658	2271	
6502	6189	7094	
8082	6775	2364	
2079	5891	8543	
840	4412	4798	
3060	3854	8841	
6526	1823	9809	
1036	1791	40	
3764	580	2814	
5293	3384	318	
6300	1950	1374	
6451	3553	7705	
6062	5713	9902	
9949	7792	7491	
9851	3805	5400	
2880	639	1907	
6063	6238	7405	
542	2412	1824	
2523	7481	2097	
9587	8782	2329	
3314	353	6386	
4771	3072	3664	
2838	7688	5684	
1819	2196	7087	
9559	4218	7709	
7197	5341	1088	
8851	5155	7219	
9937	8960	4867	
5726	8366	1780	
2464	4370	6959	
7292	8098	3444	
9355	9133	8083	
1447	7	3329	
9977	2418	3561	
4328	3232	7795	
1031	4127	3603	
1117	8209	7038	
2807	2749	5160	
3131	629	2459	
5529	1133	4817	
5883	8746	1467	
6939	5266	5248	
9618	3442	5846	
3435	2517	8672	
5839	3135	6687	
4278	7722	9375	
164	9860	7532	
4775	1173	8197	
690	5734	5603	
5461	4743	5654	
4922	6336	8336	
106	6463	5513	
1361	9444	5605	
2403	9442	3632	
5224	240	6604	
3344	8236	6995	
7454	9988	6752	
5492	4988	2005	
3484	7152	9046	
6559	1242	2489	
2215	5945	8193	
577	1140	3426	
4075	2991	3572	
4890	2665	7740	
6879	9146	2429	
6365	831	4049	
8532	1405	3683	
6988	2118	1525	
2755	6544	3094	
3947	6477	807	
9077	2325	2846	
4901	7427	488	
4220	9414	4917	
3202	5872	7479	
5666	1535	6289	
8413	4199	9676	
3915	7621	747	
8246	8943	1481	
8892	414	8772	
9596	9224	4363	
3803	8531	1336	
3324	8608	1247	
8487	9353	5196	
8507	7536	7716	
6567	1006	213	
4818	75	4862	
1244	7568	6197	
514	3620	5139	
388	8993	3269	
7808	7827	1340	
6325	6341	467	
5413	9319	8274	
9553	4603	3566	
8631	3464	1715	
1456	4540	6143	
2916	454	1239	
3715	7663	1375	
6333	8079	4778	
7123	2440	5703	
8183	2917	3553	
869	3397	6370	
2203	1002	6451	
1447	6636	8950	
6892	5487	8984	
5955	8148	6217	
4091	5260	5357	
6840	6883	5083	
2790	6484	6088	
5231	7585	8941	
6841	8636	4448	
720	8181	6333	
2107	3891	1442	
1044	5440	4490	
1453	4946	903	
2764	4670	4387	
6433	1631	6199	
1216	7837	7423	
7770	1800	918	
3486	6820	1352	
1516	1830	74	
7063	1982	2538	
4030	7071	3377	
1818	2110	5925	
4672	6165	4393	
3418	4992	2953	
4783	5946	3758	
3094	7220	3633	
5319	4768	8896	
173	1731	5779	
5366	3727	3791	
1921	1839	9867	
5190	935	7411	
2127	3884	5614	
2899	5297	8679	
9021	3829	4640	
2362	5835	3261	
8172	703	8242	
7221	354	9680	
5327	5561	8256	
5201	3254	673	
9175	7214	2371	
5004	9054	9629	
6571	8085	5874	
1136	3601	2885	
6683	2777	5684	
1861	7370	5418	
277	4797	9167	
8152	1239	8110	
8103	5659	783	
6233	6163	213	
939	9178	8196	
1820	1599	3268	
9730	1350	842	
5210	8347	9760	
6407	3719	8712	
7419	6352	1547	
5931	3875	2012	
5059	4693	6349	
5705	1012	6069	
3949	9285	6755	
2267	1793	6198	
2932	3034	5534	
4170	157	2619	
8357	9144	4246	
3886	4081	7333	
4207	3148	991	
5747	9693	3768	
651	7668	2211	
6964	8867	8108	
1882	3295	410	
1220	8797	2060	
2299	7387	8787	
3246	6472	8023	
6825	5391	8830	
4313	2203	2736	
438	5343	1663	
8619	8427	8803	
5119	8244	6915	
656	49	3022	
5885	3316	7188	
6297	4309	3121	
6121	1129	3782	
8238	7628	1411	
9661	3531	381	
6384	5925	2577	
8336	7428	7685	
2632	4845	9368	
8258	274	8836	
7315	8706	6964	
5137	9399	6975	
2501	6071	1432	
6467	3407	5917	
2567	7958	51	
3714	1757	5410	
7017	4542	1875	
287	8741	4102	
2942	3776	5764	
2843	296	2776	
4838	6192	6505	
682	3750	967	
6373	2253	5908	
2567	6543	3464	
5315	3355	7675	
1951	3390	3130	
9056	3034	3398	
6334	6556	9950	
1175	8579	3410	
3243	6793	9886	
7023	290	9489	
1736	5995	8864	
9591	838	6602	
7627	7027	4310	
9122	8231	4369	
4984	1910	694	
1923	8822	2193	
1642	9637	9602	
6607	3496	6988	
3147	965	7115	
9832	827	1297	
4002	8057	2399	
8012	6871	4845	
4804	9851	5709	
823	363	6581	
5893	2220	6168	
5087	2397	7782	
5565	3411	8166	
6379	6446	5167	
2480	3224	4321	
3706	1956	5735	
1588	609	414	
6257	6234	688	
8309	7308	3699	
1964	696	6884	
9159	3037	3974	
2200	63	456	
6090	3532	7857	
5066	7857	4172	
7350	1218	8746	
7552	6809	2165	
7706	9514	7470	
6677	3400	4396	
3932	6683	4539	
679	4408	1809	
5390	2159	1120	
4428	7037	3130	
9825	4391	1408	
9175	9638	171	
1089	6795	8989	
6394	1146	5670	
4711	2315	9104	
3156	1132	9071	
7686	4144	9545	
2994	6848	2931	
9512	717	5845	
2266	1257	1225	
8527	246	6818	
7662	1267	9676	
8704	5849	9911	
124	8281	4268	
3493	9279	4704	
2351	7803	250	
5604	6900	2715	
1184	6694	8104	
8454	1939	5461	
6117	5312	6858	
1031	3925	5968	
5327	294	1905	
6791	911	7524	
7064	3754	8228	
4925	9323	5565	
5232	6552	6149	
5358	6943	7785	
5511	4027	1935	
2214	4913	9970	
6556	5140	9549	
1347	8148	9389	
9798	659	3945	
7536	1334	4304	
5317	4166	7724	
1100	279	2764	
4876	6168	4299	
2770	4961	9614	
120	6287	2190	
9499	6163	702	
1954	4839	3058	
8953	761	2226	
7130	5632	5119	
4509	3673	4662	
3151	6338	560	
4217	3002	306	
232	844	5156	
5721	1254	4802	
6728	6431	6505	
9641	9707	509	
9055	4737	8494	
2682	6215	7464	
6061	5570	6626	
3347	6884	7586	
2243	6938	641	
3762	7781	4577	
1733	6527	4620	
6671	3621	6308	
8083	7405	8221	
1284	5333	4252	
499	8791	3783	
3171	6169	735	
210	7284	5580	
6277	1070	762	
2730	9157	3834	
5170	2128	1923	
2985	9186	6385	
4952	2166	122	
5443	5725	4056	
4950	3732	8915	
7360	4605	5178	
4556	1775	633	
1799	1561	6869	
2979	2907	6673	
5828	3930	2084	
5931	7203	4432	
7200	1689	4350	
7569	5939	7441	
1515	7921	1636	
1000	9735	7825	
9553	4605	2975	
4158	9907	4896	
6043	9686	7549	
5085	7524	4919	
926	7849	7846	
6326	1062	1896	
7345	2393	2453	
9784	3514	4370	
1614	9117	782	
8504	7466	7546	
8790	4403	6633	
4457	5701	7556	
4340	9815	5055	
9487	9566	6895	
3828	5862	7321	
1329	6778	7635	
7652	5359	9945	
4577	8962	4964	
6415	7112	8342	
7425	6164	8531	
8746	6021	6584	
272	4559	1881	
216	9747	3951	
8533	6959	1815	
6798	8162	3257	
2658	1695	989	
1907	8132	7939	
7589	9358	7452	
9404	3617	1891	
3191	3679	5729	
4128	2486	4296	
8479	2784	4922	
3720	2961	6697	
3967	8345	8831	
5167	5362	9106	
7371	4390	9393	
7893	834	3188	
5773	726	1357	
8437	9278	6775	
3780	7000	8740	
2334	3024	7255	
5685	8984	9515	
1700	3943	6902	
9111	4286	4620	
9494	5847	6179	
3749	8253	4478	
6879	6469	1455	
9378	9987	7123	
5089	3917	2833	
6075	5590	6816	
1860	5778	1910	
2659	3660	5907	
6589	5757	1223	
8539	2847	2109	
6283	1726	7705	
4739	1471	851	
2787	4990	4026	
7603	7809	8003	
5683	3689	9977	
3398	2551	8183	
9151	7513	3097	
4885	7787	2702	
4532	8310	3244	
362	2204	3385	
1814	1032	9859	
4984	5639	1030	
7975	8097	3096	
2144	8024	7231	
1951	8744	2680	
6692	3905	3295	
811	3573	7524	
9139	2349	6162	
2866	7076	9027	
4624	697	3140	
5497	3573	8640	
619	347	8336	
8420	1172	7215	
6370	3057	7928	
7135	413	8860	
4165	1525	5351	
4125	9546	6384	
5531	7946	5970	
9603	8412	222	
234	5388	9975	
1096	6513	6721	
7188	4160	6123	
1798	5080	724	
7153	2092	4347	
3617	5849	4451	
449	1757	8430	
6784	8199	5761	
5580	5130	9787	
4052	9834	8878	
7560	7667	7060	
6595	5869	8765	
2755	584	617	
4122	9596	3881	
9030	3611	1314	
7728	8735	8508	
9032	471	2510	
150	5175	3372	
2502	5010	2792	
3246	1434	1304	
7903	7940	3289	
8181	901	7901	
3639	9035	5056	
2802	1257	6466	
9825	2471	1628	
8460	7913	9152	
1890	5542	1689	
8224	5114	1259	
9157	2349	9291	
547	8980	4176	
5885	7464	7078	
3864	7620	8473	
6834	1470	8393	
1367	7163	9811	
2135	9741	5727	
2805	5919	3228	
444	8448	2281	
9908	3343	9362	
6663	287	2938	
1767	263	5224	
4785	6291	8662	
1161	3266	2766	
6299	2466	9407	
201	6375	4933	
3320	5262	5687	
701	7721	7270	
6611	1343	1102	
2389	8551	6825	
2783	4687	5243	
5832	60	8734	
9360	9749	3766	
7067	1130	2799	
4679	5258	9301	
4932	2911	6898	
8117	7544	3964	
8649	4862	7769	
6341	4943	9692	
217	7763	4945	
9264	1610	5581	
2958	4424	6968	
6894	5718	6218	
4767	6693	3437	
1277	8014	8953	
9711	9667	4387	
7895	734	9591	
9878	5353	6375	
3503	9890	581	
4691	9902	2270	
4063	4873	7193	
8153	6876	5873	
5971	6292	9220	
1587	9688	4921	
4067	8637	7859	
5369	5228	2323	
6060	724	5738	
3649	4689	7505	
3205	2124	7583	
4910	7133	9207	
8701	2993	7111	
6418	101	3052	
6785	1340	4913	
5583	66	2425	
4190	9560	163	
5230	1359	2005	
8293	2969	817	
8586	3933	3102	
1926	926	9315	
8733	6657	3472	
3011	7199	1037	
6935	8989	4014	
3369	3558	8367	
5764	4212	2959	
4285	7084	4369	
6238	6106	6389	
71	6358	390	
6101	9960	6298	
7668	9354	2604	
9889	7591	6780	
3465	3116	4456	
1918	4369	2484	
9671	243	56	
7532	923	9885	
6401	6982	6023	
6976	9748	5457	
8252	7125	9470	
7760	501	6619	
4116	5942	8467	
8152	4005	9229	
4021	3614	7404	
9927	8435	2312	
3791	9163	1015	
1427	103	6401	
9497	4714	6572	
5225	9414	4377	
2283	85	5468	
3	3879	1350	
8581	655	570	
884	8189	3357	
8646	3592	1585	
6391	7901	2131	
8518	9698	2105	
3730	2051	948	
6841	3641	2413	
8191	568	3307	
2157	7547	7563	
1292	7263	9986	
8727	6350	6458	
3221	7053	5383	
8327	2397	5860	
964	9920	2027	
4369	3015	8758	
4352	7892	8779	
1823	3848	6418	
856	3258	2881	
891	7442	3136	
2603	8904	1196	
6217	9175	3331	
9514	8968	7121	
6658	7060	3716	
4234	7537	6854	
5332	5630	8075	
6724	8439	6677	
293	3803	7981	
1989	7239	7619	
7253	5332	9560	
3936	9411	5035	
8740	9176	5853	
9734	3325	1951	
1875	8727	8268	
9565	4250	3819	
802	1874	4755	
4901	6687	7984	
2924	6406	8126	
6870	3074	9422	
9483	3373	8289	
939	6930	9370	
8059	6912	3734	
308	928	9538	
9034	5712	9088	
1372	1503	4585	
5594	9170	2139	
6315	4640	4898	
7218	3758	9034	
1910	6676	1583	
9155	1142	3827	
3098	9667	6955	
1118	5028	4682	
8318	7295	7605	
8694	7775	9022	
8339	306	5602	
3792	5801	7915	
4819	9264	1782	
6367	6890	1767	
4226	164	8490	
8811	2780	3731	
307	4834	5982	
9023	7223	8785	
242	8662	10	
7589	3534	4338	
1378	7693	4346	
7020	5294	8178	
6786	8063	5187	
7284	5223	2132	
6753	8707	3952	
4991	293	6471	
8447	5109	6808	
9772	2446	2361	
596	173	5399	
3186	8422	9307	
3587	1049	8831	
5371	8314	3540	
4148	9610	1673	
9899	5254	8013	
4610	5588	2860	
441	9661	3215	
3100	3787	8493	
8016	9976	8582	
8637	1460	2021	
103	9272	7425	
4599	7270	4536	
5199	1033	667	
4103	5421	3577	
5739	1633	9842	
1167	7214	667	
5537	1629	253	
5372	5832	8034	
9629	8921	5893	
1577	7379	5631	
3092	9071	4035	
1545	7274	1010	
2985	2978	6967	
1428	8851	1076	
5628	1919	8777	
8735	7721	850	
4058	8357	5457	
8106	2900	4274	
4205	2492	2720	
6505	2665	6702	
408	1641	7023	
7493	2917	6014	
8094	3097	9257	
324	7158	6837	
1686	4567	931	
3163	2809	1830	
4868	4548	5815	
9957	3239	5141	
8066	8769	963	
9165	7127	495	
1057	9419	7416	
7982	6759	2204	
1217	8043	4274	
610	6937	5378	
2032	9312	3271	
2530	9560	2402	
6750	9946	7382	
1721	5687	9647	
4999	9364	7433	
911	6989	2410	
200	7792	9551	
5380	5703	3458	
977	6488	7387	
2691	8091	959	
7021	657	4328	
6936	1819	5498	
3678	4566	6413	
2175	2996	9764	
1295	6983	3573	
217	2863	2896	
8352	7	7349	
560	2265	5661	
3130	4393	5680	
7452	1158	1691	
6188	7638	5706	
5348	6083	1058	
5671	6370	3112	
8012	9385	4249	
2290	2602	7251	
5536	261	3210	
9128	8758	8512	
4839	5635	1634	
2866	3786	6740	
5784	6345	3340	
4216	5559	1849	
4569	3027	5663	
2101	9761	3485	
8912	1213	441	
2790	5133	4324	
1230	5543	5824	
3964	2585	8567	
1671	2224	4798	
6902	6284	5054	
5055	7754	4450	
4320	7101	5811	
91	5702	3502	
9869	9126	6033	
1418	2194	4326	
1006	6959	89	
2190	1213	8597	
5679	8937	2620	
3484	3136	6902	
8373	2609	1474	
8928	2626	1632	
7583	6011	504	
6403	8109	5290	
4103	4632	5035	
8014	8188	1776	
2778	6537	3488	
1428	7237	7313	
4417	1842	6975	
8928	9339	2838	
9192	2263	851	
2932	1531	675	
3264	7233	6695	
8456	5990	5313	
248	3962	1360	
5802	1505	1322	
9465	8296	3929	
6365	6216	2650	
3295	7849	1734	
890	3435	6840	
9884	5978	5202	
3279	2957	3978	
5861	184	1918	
1350	4375	5884	
9982	5131	7417	
4749	2342	346	
868	6830	2558	
6261	7058	9126	
8616	2903	2154	
3209	9646	4145	
774	3495	6739	
9278	3955	5841	
4312	871	6996	
2389	1678	9299	
514	8843	4803	
7014	2420	247	
1755	9851	7063	
2511	1036	4972	
9195	9111	3014	
3198	8842	9800	
3677	1609	502	
3919	3589	7685	
397	8177	3176	
9057	6203	2556	
8582	860	5597	
4841	2522	1734	
5773	5790	4629	
1921	2895	6272	
8410	993	1815	
3973	5077	2642	
7764	2567	1401	
2409	7213	6885	
2724	3571	7751	
7476	1281	2153	
2624	7266	2281	
5813	1643	9915	
1495	5950	184	
6260	6167	1103	
2895	5045	8842	
663	3913	6932	
2809	8185	5516	
8524	2499	1363	
8225	7037	2870	
1547	8179	5948	
5830	6213	133	
2363	5100	1586	
9712	5092	2765	
3731	857	4270	
9285	219	7324	
8562	9473	610	
8311	2408	1191	
5750	2932	9594	
546	9275	8308	
4826	3581	9059	
2677	6015	2251	
4777	1312	2667	
9665	1447	2833	
136	849	2696	
4644	9200	9636	
8504	9816	8828	
7235	3751	5715	
420	897	1756	
2658	7430	6424	
3094	411	3505	
9119	6590	2001	
7633	4117	328	
2659	5701	8574	
2105	4546	9483	
4375	2834	3260	
6782	6422	154	
8746	1574	915	
8010	6738	3598	
3613	1441	410	
5794	4410	7896	
8778	4999	1727	
4592	3036	1220	
7336	2087	435	
9070	4517	906	
1109	2754	4754	
756	5351	236	
8129	6037	8707	
708	9477	7694	
2488	4712	2238	
8504	943	4788	
4364	4276	757	
8237	7905	7197	
7146	6254	7176	
3722	708	6442	
4204	5279	2976	
4752	2951	2979	
1671	3021	1208	
6749	4777	2859	
7519	1239	7577	
3046	8632	8853	
2181	63	7521	
8511	5472	1658	
1386	7369	6797	
50	8488	8340	
6250	1645	854	
7053	8983	8154	
5097	1939	66	
9494	7327	6950	
4192	1262	8739	
1611	73	5198	
5439	1084	4993	
8344	2990	5292	
7663	7473	3692	
1416	9452	4917	
8765	8937	7641	
9610	5207	86	
7917	274	5390	
1975	2618	7995	
4522	7524	5259	
817	9254	363	
4684	6338	4375	
2001	1126	6994	
2311	5119	7445	
5509	461	5886	
5256	7386	1819	
5998	2165	9079	
1332	9951	230	
766	5000	2515	
3540	1967	5021	
6187	174	7768	
4459	7069	2758	
6856	3188	7927	
440	2721	5663	
1566	8888	5995	
6288	5711	2135	
3925	8629	6086	
2322	262	4591	
7869	7943	8673	
155	3116	180	
7032	3452	5919	
478	4200	2087	
6997	2123	3106	
1099	8356	2652	
1497	3435	9418	
5323	1095	7097	
8255	1725	5082	
7184	1238	4963	
8860	2654	2226	
8339	5136	7180	
2997	46	680	
3484	4676	3582	
932	6926	5910	
9966	9892	7119	
9035	8374	6799	
5790	8362	7249	
7148	8332	8738	
1884	701	9360	
6514	862	8684	
7716	5044	9503	
862	3871	2308	
7558	3460	8368	
5502	7602	5104	
5379	2181	3669	
8948	9812	3744	
3720	9878	3949	
112	1439	2143	
1613	5084	3835	
3571	7736	3069	
3957	9692	9061	
9925	5054	3711	
6072	8010	3040	
8064	1931	8993	
9839	6160	4523	
7094	3986	9956	
7230	1863	5161	
9298	2172	1088	
5338	9173	2625	
3330	3851	7791	
8637	8316	7518	
158	5893	3883	
3556	7527	8826	
4205	3199	3679	
7939	9682	3561	
2057	1818	4091	
9578	4873	8977	
981	762	4391	
8751	2319	9140	
8896	2058	566	
4178	2742	4034	
8898	5387	5895	
504	7001	6998	
6491	2602	8833	
2217	7302	4364	
4771	9378	2926	
2020	9051	1314	
4791	7761	9884	
1425	9738	9593	
9216	2098	9748	
6846	9389	4036	
1898	8860	8179	
5553	2923	9010	
3394	3127	5182	
5979	2105	5952	
3017	9800	2329	
6817	4019	9340	
2200	620	4690	
4835	5649	7825	
734	4335	3304	
2984	7159	3504	
7179	8900	2657	
5423	885	3396	
4349	3368	7996	
4155	8884	8946	
9562	3242	8236	
1965	3592	1287	
8813	5046	1062	
317	9789	2089	
8408	2751	9495	
2340	9227	4778	
1451	4596	1349	
1638	3711	2159	
8729	9960	9762	
5421	1114	951	
8529	7939	4967	
9369	2499	2925	
5669	314	2463	
3832	1402	2201	
3437	1817	9269	
7262	4426	4061	
9116	5275	2869	
8126	4957	159	
8022	3263	1445	
7201	7071	3173	
6111	3855	6826	
4321	8773	2034	
3233	62	9170	
7997	701	9268	
136	8051	4710	
7590	9564	4131	
2826	8510	2239	
5569	4473	7347	
1000	2322	1468	
5364	6781	5555	
6853	3684	9329	
4262	9154	8258	
5479	5978	300	
1875	2724	1429	
5436	6398	8003	
1985	6732	1044	
4194	6865	4587	
4330	1193	5391	
2970	4437	7067	
195	8964	6833	
4261	9297	923	
5358	7715	3776	
4573	9671	1154	
6323	3158	8704	
5120	757	1454	
8571	8799	6102	
1059	4247	2649	
2492	7857	5223	
5134	1736	2958	
3658	7720	5095	
8963	8731	6975	
2465	6228	631	
2345	9665	2544	
4471	9849	9761	
9395	3705	6088	
8498	4169	4367	
2017	1253	1838	
2564	8598	1561	
1329	7078	6721	
9889	855	4725	
1845	1969	5435	
1094	658	7157	
6483	1572	4119	
3166	1646	1636	
7345	810	473	
5091	9314	2495	
3057	526	6509	
1924	6034	7694	
3630	2971	5790	
4878	1766	8543	
6842	2954	420	
7398	7282	5446	
1856	1459	4685	
5880	5472	699	
363	8275	2157	
8609	4362	2272	
6784	8128	4376	
3083	4038	9877	
6131	8376	8611	
7783	3116	4129	
5171	964	955	
7869	6555	5049	
3467	8062	557	
557	8758	2278	
2378	4971	683	
7303	2802	1498	
7035	9622	5368	
1466	9588	3691	
4673	3805	9029	
1400	8267	6912	
7360	9363	4153	
3093	13	1154	
1356	7454	5579	
2162	5566	4904	
4433	7124	472	
1826	5651	389	
7860	1320	8272	
2376	2972	720	
216	9554	6657	
4912	6347	2849	
6072	3338	8685	
8810	479	262	
4117	2254	301	
9834	9637	2744	
5271	6040	5044	
5813	5246	5220	
4326	8113	4054	
2673	5373	4618	
5042	5943	1241	
8547	827	387	
6459	3431	8848	
1722	1159	8136	
918	6379	3031	
9795	7200	3889	
45	3042	7515	
8513	9233	1886	
1776	6870	1512	
3502	9020	6471	
8485	1296	4285	
2434	8233	4307	
3154	2807	5223	
8511	8837	9956	
3522	4834	357	
9032	4023	4055	
3259	4453	9959	
6341	270	5943	
9357	929	9330	
9692	2190	3729	
2092	2111	1006	
4079	8032	6981	
8302	5686	5483	
147	5619	2219	
9133	4346	4627	
7083	7598	2465	
409	5373	7377	
9901	6504	9412	
597	1294	507	
7460	4696	249	
5307	6126	3287	
3006	1722	7593	
7889	9701	4092	
7807	3449	1706	
6213	9105	2122	
8626	4557	2440	
9349	1065	8032	
6441	5061	8922	
6179	7652	2516	
8458	1169	8618	
7686	2417	2275	
472	6803	2598	
3789	9636	1603	
341	4165	2211	
7185	3696	7567	
8788	3858	6592	
9604	3709	9615	
4246	6914	1232	
6957	8354	5804	
4681	2222	7359	
5313	5303	9825	
1817	5642	6548	
9060	924	861	
7987	7225	314	
8335	1301	4615	
7240	4662	3688	
2519	1271	5629	
2749	9967	9258	
8128	5220	8556	
6568	2023	3510	
5048	2944	720	
127	3451	4164	
7061	4310	4893	
9892	172	2138	
7609	7431	8429	
5402	4830	3192	
4686	705	7263	
4075	9739	7005	
3466	811	8561	
8603	470	6833	
9049	9472	1525	
4051	626	2806	
2121	9926	1911	
3921	8179	993	
5360	8925	5430	
8001	7652	3302	
1354	3010	7995	
2323	221	2369	
2242	3024	276	
3083	1832	6215	
5423	7312	2133	
9307	5194	3578	
7819	2368	7903	
5476	9444	170	
7081	7017	2714	
6720	8548	2699	
6326	2701	7248	
3756	2689	6131	
8069	8780	6918	
9052	6112	4079	
9800	6798	2971	
4554	2111	4714	
9514	9226	5838	
4098	4433	6209	
4992	388	5620	
6319	3521	6232	
2247	8857	9753	
5906	5636	2792	
1411	2004	1210	
688	8860	1907	
4146	6027	8486	
851	941	4562	
7436	306	2874	
6615	7088	8703	
5924	2386	6064	
405	7847	278	
9704	5271	5459	
991	4464	1786	
1945	9307	4470	
2297	7122	6178	
4151	2937	687	
9875	1734	6890	
4731	5596	4575	
4951	6349	5669	
757	1754	1114	
5994	7671	7647	
2119	8468	6626	
2963	5628	6931	
1872	7560	5347	
1897	2606	5112	
4016	1797	7243	
5556	7019	2187	
236	2648	9544	
9373	9548	1292	
1448	5736	6833	
8873	8584	3166	
602	8630	1623	
4555	7316	9679	
6742	7590	3964	
7793	968	262	
5822	8676	5960	
558	6524	1717	
4073	2615	2075	
4671	1432	2232	
3240	6902	479	
2084	743	4016	
659	321	9867	
6303	8524	1680	
7490	9119	469	
6942	3816	3097	
2105	6614	3884	
2578	1022	1616	
4751	2003	7038	
938	4728	9221	
3167	6466	6085	
649	5140	3021	
6925	5265	4077	
4919	7040	14	
4490	8439	1055	
9767	5997	4686	
7080	2515	2412	
4845	9226	932	
3574	320	3207	
4512	4429	4682	
7895	9805	3377	
8094	6537	8	
2334	5687	6533	
1025	204	9941	
5468	9799	8356	
1764	3713	6732	
7442	9931	2881	
7380	4437	9278	
8701	5104	9748	
4401	4377	65	
9931	3593	4140	
5067	5107	1968	
6072	5352	6303	
1525	8676	69	
1186	7566	8436	
7885	6654	8523	
7978	8368	7256	
3240	7574	9792	
8119	5903	8681	
9432	7740	535	
5639	2698	9643	
1997	5643	2371	
8455	6973	8100	
2348	2587	6781	
9437	9280	3637	
4694	1147	2757	
3037	6720	4415	
8697	1795	3210	
5083	9867	1063	
4946	9121	3554	
9634	9879	6759	
7278	5618	1656	
2535	2681	1010	
2200	8835	8761	
6424	1729	2662	
4310	2039	6850	
2005	3954	5973	
951	772	138	
999	8579	8341	
6536	9705	397	
8971	5153	4426	
8308	1356	6066	
3987	3327	5589	
4786	8584	5110	
4760	6531	5783	
7767	4753	1579	
3326	4742	8662	
1322	7225	5572	
5308	4743	2120	
538	3654	75	
9551	3698	7017	
5657	8792	4946	
5691	3337	9379	
1655	3065	7168	
1853	6890	3000	
142	4270	2289	
6771	483	1996	
148	5123	7694	
2254	8474	45	
5748	2971	6785	
7124	9002	5376	
3446	7728	5423	
5536	5270	5895	
5304	5685	6866	
2855	2873	9909	
9928	997	5677	
4065	2244	8784	
8707	8295	1763	
8207	6981	3159	
815	3609	9381	
5570	9436	5747	
8567	478	8317	
3347	8213	3430	
740	5476	4451	
9470	7109	7970	
2832	6757	7893	
9093	5221	6963	
1012	7739	4221	
2338	3060	4126	
1089	6249	4645	
3876	8879	3906	
223	4213	1990	
9549	587	3816	
9761	142	8415	
5606	1870	3506	
2179	9088	9609	
255	6036	7003	
4777	7225	2197	
7721	263	3184	
7421	4420	3191	
5927	6370	1284	
2405	4800	6703	
3696	2349	7906	
2884	4705	8326	
5612	7099	5681	
4956	1876	2354	
3139	1368	9544	
8826	4012	5647	
2646	9323	1838	
7940	5623	690	
3894	6186	2134	
3640	6396	4938	
5582	1296	3623	
6126	6081	7292	
3923	9336	6757	
5356	1386	401	
3448	3205	8959	
8018	6549	8490	
4955	2968	15	
5274	6494	2760	
4602	1925	2375	
6559	3289	908	
9087	5012	6769	
9444	6255	4029	
9021	5927	898	
4731	9915	519	
196	5251	8803	
1871	6282	1225	
5272	5609	9916	
7723	6087	4933	
1885	6087	6557	
4301	8475	8970	
6437	4514	98	
7175	8718	2497	
7083	2400	2410	
1160	65	7331	
6387	1456	8852	
1364	4457	2022	
22	3091	6807	
2377	9715	8602	
3075	4738	4878	
1334	6499	6075	
5415	703	3709	
3982	9737	5781	
2455	5115	7087	
4585	5486	837	
1430	3557	2066	
4089	1101	3481	
6205	6748	5081	
4915	7668	6977	
4165	9226	3174	
964	4343	6967	
7410	5237	8846	
7793	1526	6372	
2599	6275	850	
7397	8927	7628	
7322	6912	4355	
9283	9338	9737	
2003	7989	8692	
5431	85	2861	
2085	8850	8821	
9694	7605	334	
1818	6960	2813	
3407	1204	1956	
3411	6711	9313	
4966	8417	9779	
8768	7854	5844	
7199	1261	531	
2960	7265	1434	
701	7745	425	
830	7365	3836	
3203	983	4427	
8340	4901	3564	
4404	1528	3403	
2653	6366	9065	
1741	8076	4657	
3354	9818	964	
6355	3264	2292	
6439	9864	1033	
6999	4278	741	
9065	7847	7130	
8495	1231	2885	
5008	5285	9878	
3709	7952	8103	
9255	6896	3150	
2353	6236	5961	
7673	2296	9151	
8221	5810	3375	
465	9380	3703	
6806	6295	3039	
3468	8032	3199	
1573	9355	592	
2576	5726	5922	
2735	4527	4139	
3419	5853	4222	
4895	6506	3074	
9791	5454	4895	
2479	6550	289	
4603	3541	524	
5699	1983	9505	
9696	1916	5935	
2435	3224	3351	
6630	4490	8309	
1137	2484	9599	
436	1105	9874	
7994	4129	1038	
1925	3508	9814	
5090	3425	8506	
5074	9433	4133	
6346	3060	629	
9764	8398	1702	
7778	6132	2	
6951	1537	9183	
2931	5505	6755	
5703	2838	6905	
9459	4311	482	
5396	4065	244	
8492	3382	7959	
1586	9165	5846	
8809	3075	4642	
4078	3918	1930	
7599	6703	2149	
5982	880	81	
406	4234	6942	
7287	1527	465	
5227	5025	4247	
7182	1754	7355	
6731	7770	5070	
5363	4546	4407	
3197	6696	2198	
5913	3104	2046	
1602	9220	6538	
8797	5627	8753	
9874	2809	7276	
6042	5535	3549	
8018	3556	3168	
7489	7808	9325	
9109	5914	9328	
8347	2061	7360	
5079	7236	1244	
7723	420	9851	
2825	7702	9813	
7272	5538	678	
5093	6785	4060	
2916	3846	3956	
7323	4934	9271	
2087	7225	1020	
274	7750	9015	
4997	8821	2075	
8542	3922	7962	
1788	7248	3490	
8757	9934	9392	
109	874	24	
3531	7549	6521	
1122	2113	8790	
1575	7452	7076	
1653	2186	9131	
9628	2438	6784	
9422	9508	7456	
7053	8735	8596	
6892	5039	1989	
4748	7699	4383	
9989	4522	885	
3639	4729	4313	
1429	7754	8777	
7174	9617	6004	
9990	7168	1920	
3696	4358	5419	
181	5392	3769	
5696	8224	9164	
3274	9445	675	
7402	3185	5204	
3537	4918	965	
1179	3874	702	
6607	6688	3204	
6061	9	1295	
5644	9570	2693	
3825	1690	1564	
7419	1530	7562	
5460	7770	5472	
9767	2839	6000	
7731	3754	1807	
9269	9469	6384	
2397	7665	9415	
8409	5268	3341	
5861	3165	2021	
6887	719	3833	
1475	3071	7325	
6599	7042	5246	
7615	556	5681	
6135	3862	3306	
6001	6597	4722	
5718	5745	9524	
9513	3268	136	
172	9345	7998	
6654	6520	3306	
9428	5350	7397	
4635	6173	3484	
7334	9831	1691	
5927	6836	3036	
7436	3532	4050	
296	7869	9935	
8382	5896	6074	
1238	9860	3182	
2785	6891	157	
4974	3556	5566	
8324	1541	252	
5429	6121	6519	
6219	3585	3167	
6227	9690	7695	
8160	85	113	
8935	3264	5321	
2405	2484	6382	
4023	7499	3760	
7287	5679	4475	
268	9029	5969	
1120	2489	6101	
6425	5051	5398	
2470	7190	7335	
5574	3261	7062	
4232	3981	5510	
4432	973	6663	
613	4013	9252	
8693	122	291	
60	5300	5138	
5840	1366	1068	
42	1103	7749	
9491	2191	8010	
372	139	4417	
3981	3766	2863	
7670	962	1769	
677	858	4367	
1412	9167	9060	
9656	8095	9636	
5764	2577	7170	
8903	5305	6437	
9398	5009	9663	
5308	967	8784	
693	7980	8091	
8778	1677	4447	
6924	3743	6796	
8221	6545	187	
4705	3638	4123	
1925	3074	8702	
203	7752	5666	
1749	1569	7339	
1088	2914	8943	
6318	9113	8267	
8284	1059	6780	
7524	2228	4583	
7214	6194	4636	
5340	4148	1962	
1540	4596	1758	
6858	6117	6508	
852	8708	570	
7651	9047	5123	
2092	9621	714	
3323	501	7880	
6122	8385	2949	
5170	7544	1796	
1619	2213	1592	
9351	8315	2664	
1490	9661	3430	
2644	7877	5663	
3623	4152	2891	
3900	1170	7081	
200	5118	5063	
7177	6060	5061	
2620	3138	1448	
9362	8857	7456	
3501	5634	3100	
8728	1312	9765	
252	4601	1177	
7658	6091	7614	
667	8393	7845	
9068	1886	4668	
8453	4318	1336	
3435	7415	8683	
5690	9027	5624	
1841	1014	5666	
1673	3488	687	
6801	5011	3701	
4457	1182	6260	
5809	767	9669	
7431	9030	3219	
8635	2466	1310	
4367	7383	3033	
1927	6619	3949	
1600	8207	1208	
6936	4045	3079	
7401	1556	3708	
279	3537	9669	
6620	6735	327	
2743	1958	149	
7510	4643	990	
7968	5969	7418	
5795	9248	1092	
5441	9712	2615	
3669	3833	5061	
248	2521	2538	
3103	5691	484	
1708	1364	4554	
6472	898	8939	
3275	8270	6291	
1703	5562	1603	
8614	6277	4417	
6297	8729	7227	
6327	3519	5102	
768	6739	1531	
6227	2314	2556	
9123	445	8227	
5135	4843	9040	
9029	5131	8968	
8253	6740	396	
9427	3576	347	
6690	7433	6852	
5886	2717	8128	
1390	4830	951	
7396	3619	8764	
6494	832	5599	
3477	1373	2168	
1571	6987	1383	
8082	6018	8260	
6783	277	8712	
2091	4662	6041	
4215	213	6258	
7230	2704	6638	
9991	9961	3435	
6306	4292	6905	
3794	3303	941	
4872	8304	6343	
3521	6093	1729	
428	3159	7678	
9398	1636	4682	
9394	7961	852	
4430	3556	9911	
3737	7021	8116	
8494	7497	5491	
4104	6372	5528	
7714	1312	961	
151	9347	8311	
8539	4791	9962	
213	8588	7627	
6020	6977	8578	
9210	7488	8452	
8227	3396	1511	
9465	3882	2268	
7881	4400	5954	
4340	6326	2322	
3838	4487	6101	
2318	5443	9823	
1028	9618	5971	
5318	4445	8918	
8135	9642	434	
674	1832	3146	
3733	287	4666	
3821	7286	9403	
9381	4866	7737	
7734	7761	561	
4355	9978	1069	
1488	7281	7431	
2844	4770	3381	
4636	8637	6395	
9038	8194	1398	
478	5459	1186	
7116	3191	3324	
4967	2114	7860	
878	3646	5195	
814	3632	8858	
3069	9942	9342	
9428	532	1242	
6538	4031	9008	
1574	2761	8633	
7517	2167	9329	
8990	8781	3660	
669	8983	1700	
5877	6811	4144	
5663	221	7315	
6390	3873	1060	
6644	2751	6988	
2645	8684	4484	
137	1207	4259	
3241	3620	7134	
1797	158	150	
6273	1930	430	
1952	9462	4484	
420	9874	5370	
7061	9773	789	
3325	3978	8952	
5179	3369	4631	
9834	4049	7123	
8112	3311	1373	
2523	3394	7067	
3066	8110	3196	
9854	1214	5547	
8941	933	9700	
4242	9931	6557	
6922	9799	4109	
5251	7305	4662	
4454	2231	1196	
7345	8399	5167	
6432	8805	6959	
632	9095	7211	
3689	8983	5592	
7066	9042	3917	
1318	7353	8366	
825	3227	6642	
9526	5031	8338	
7618	5256	2678	
4622	1774	1500	
263	5977	463	
1886	7346	781	
6446	876	947	
7449	3594	8317	
625	2065	7270	
8348	9551	7365	
6000	545	7564	
9883	7788	7578	
6549	1643	5663	
2795	8074	1784	
4087	111	7629	
2118	9384	233	
8918	1660	4449	
9116	2948	4872	
3405	1059	2751	
7145	2438	221	
2489	45	5476	
8777	6931	1735	
4706	7018	1739	
7244	881	8744	
834	8811	614	
2531	1596	6471	
2271	5652	2161	
7122	964	7377	
480	6183	9944	
8573	4179	7140	
542	698	2862	
2210	328	6780	
1297	7299	7738	
7307	3437	7159	
1069	1940	4787	
1051	8976	1485	
1768	1967	5577	
227	8005	2801	
1945	3458	8218	
5371	8734	1344	
5826	3542	8098	
2358	3138	5082	
3808	2220	9516	
1635	1174	6992	
5808	7377	9270	
9299	785	7420	
8519	1696	6229	
7506	761	1930	
4919	4479	4646	
2112	3895	1960	
8291	7952	7312	
5140	6630	7734	
3466	5447	4161	
1678	4582	5004	
5180	2622	3367	
9166	1777	1193	
896	5427	177	
577	2488	4086	
8308	7564	3770	
2815	718	834	
1721	5361	1756	
8960	545	4992	
1374	9148	8137	
2589	3583	7910	
2100	9072	5407	
551	486	97	
6962	185	484	
2787	417	7203	
3156	1693	8974	
8111	7924	9253	
9684	9433	3174	
9163	9325	4006	
9401	7616	6878	
2223	3235	9602	
7213	1369	3002	
741	4019	6050	
5394	6047	2299	
6585	8240	3935	
170	8570	7245	
6907	5033	4518	
6743	3158	3790	
1483	1681	5162	
8025	2277	8267	
1159	122	4992	
1628	3736	3856	
7673	7755	8110	
5579	8944	9118	
7371	467	4652	
457	1373	3266	
1563	1736	1398	
9580	4132	1496	
2948	8623	1323	
7503	977	5941	
1600	332	9785	
6070	4341	6441	
195	6731	3802	
1309	1231	7997	
1031	9054	7002	
2684	85	8787	
5553	2539	7481	
520	4640	8649	
3934	203	2933	
5243	5630	7331	
9301	9188	2685	
5552	6458	6278	
9810	1997	5785	
2306	1186	4114	
6892	6572	971	
3702	5424	5594	
6410	6706	2301	
8283	5113	913	
5773	8692	8057	
3939	491	9846	
7031	433	2490	
3339	7502	1194	
9583	6975	5658	
7580	7884	2811	
5748	3759	8185	
5804	3775	2971	
7569	4578	4525	
5817	6902	597	
14	4839	1570	
1346	5751	4789	
8140	339	5803	
3293	8787	7597	
7289	1120	2746	
3155	9361	3386	
3280	4120	2964	
7399	1755	2417	
9415	8832	240	
6952	9139	3694	
433	8669	5853	
2047	1523	9895	
5405	5253	3115	
9640	909	6076	
8485	2607	1168	
340	1153	5671	
252	108	8682	
9085	8933	6432	
8884	2623	2504	
2361	4162	5247	
7680	4131	4385	
3143	329	8124	
3764	4918	7247	
3895	9132	2104	
1009	416	6180	
884	1560	203	
7383	5279	942	
5301	3790	5423	
3885	7500	618	
8714	1093	1131	
2090	8492	9608	
2717	378	9878	
7494	1714	808	
8932	7505	9743	
7556	1399	1980	
5392	1203	8177	
7509	1433	2080	
3328	2411	6090	
6048	9857	4270	
1280	8608	2598	
2898	8520	477	
1810	7263	223	
5456	5856	2073	
181	4244	7380	
438	2800	8853	
2329	881	9277	
5095	2042	2091	
2513	5856	220	
4712	8653	7139	
3176	1885	3824	
4458	6903	9700	
9606	9215	4021	
6297	3071	8695	
7416	181	3658	
6540	3210	8052	
8848	7109	2210	
9957	4205	4420	
2290	4093	392	
2347	1593	5929	
7700	1980	2615	
2526	272	6684	
9377	9166	6393	
7508	2619	3994	
9855	820	2530	
974	6468	7331	
5100	510	8593	
2119	3622	2619	
4595	3453	2173	
3777	9234	6262	
8489	272	8131	
8511	5843	8021	
3011	4283	4856	
4037	1379	8767	
1333	7990	8596	
4185	2578	4009	
4360	350	5611	
6935	9223	3599	
233	8519	1315	
3031	9680	6554	
3379	6100	9841	
5379	460	2815	
6048	9558	318	
6153	8640	2252	
4938	820	6842	
5712	2754	3884	
6396	3754	4520	
2128	6654	5973	
2072	273	8592	
6958	562	8453	
1455	3451	6463	
104	8950	6982	
6421	6801	3217	
5333	8501	3484	
269	5384	8450	
7721	7243	6926	
7020	3808	180	
2515	5866	526	
6630	4970	9158	
8369	1229	7619	
1987	2605	6701	
3146	2041	5128	
9563	1836	7505	
1208	9915	8678	
8300	7991	467	
3548	7469	9696	
5903	7810	3767	
7481	5070	5242	
5889	3148	426	
4331	8551	4052	
1013	7755	4378	
2593	8302	3481	
1319	1303	3251	
6137	6516	5769	
4449	3085	6422	
1230	5782	1196	
2545	4701	840	
5569	4679	3851	
7070	3427	4946	
990	2844	6844	
6716	4316	4236	
8585	9643	4437	
407	93	7787	
9754	5316	5026	
7347	9160	8407	
9597	6057	6245	
5451	6813	4657	
2582	1242	5392	
7632	4202	5464	
4657	5344	6567	
1232	4065	7932	
1007	5894	5313	
3403	4926	1212	
5338	2617	8819	
1296	3930	6001	
697	9698	1100	
6039	2992	3252	
4306	4529	3661	
3994	1585	2278	
6731	8976	328	
9631	9164	8043	
3086	7034	1408	
1688	2840	8477	
5984	8688	1620	
7911	1432	4589	
5462	9026	63	
2790	6268	2645	
5028	2534	7359	
7638	4407	2987	
1065	1004	3184	
555	2653	8275	
1728	1504	9415	
9225	9251	4228	
4145	8629	9855	
8808	9615	2455	
7483	6558	2745	
2122	1359	4454	
8530	166	3876	
7989	3849	2963	
4823	1842	7372	
5896	5871	8955	
8883	6544	5832	
5412	8480	2286	
9596	7727	1537	
616	7742	7527	
1711	3582	7218	
1398	9239	6286	
5308	1175	1171	
8448	9939	4246	
3908	4732	3858	
4131	1629	2700	
1323	3413	8479	
3483	8280	3387	
3245	8669	7648	
7710	6235	5544	
210	8098	4120	
6000	5152	9723	
4997	4129	379	
3948	17	9333	
3799	4859	7234	
741	8299	5121	
7682	1868	2440	
3357	3028	7383	
372	5896	5857	
6217	9809	6627	
1508	5963	5502	
2012	430	3201	
3258	9856	230	
3607	6400	7450	
1457	1018	4180	
2714	2298	3539	
1576	7377	398	
2958	4587	4856	
4390	2409	2335	
1744	6354	1608	
9493	723	5215	
8485	6919	5402	
2068	308	6306	
5833	9903	9349	
4510	2949	2631	
5779	7116	7989	
2893	9129	4155	
6118	9220	4212	
8406	5752	314	
6308	541	5846	
9042	7820	2335	
5635	368	5784	
5409	1776	7504	
2206	254	2298	
5763	5854	7850	
3824	6823	5603	
9092	9426	8353	
9483	7496	6548	
6650	6451	4703	
2946	9091	4684	
8948	782	406	
9738	4531	8645	
1451	2378	4863	
80	8356	2291	
2784	8807	3734	
998	7512	4703	
7508	5792	2321	
6803	5833	2574	
1493	9184	3730	
5791	6040	7419	
2630	7301	6838	
3566	8467	2149	
8693	9679	1590	
6127	8039	3825	
8710	4615	3246	
1027	7933	1537	
4763	4279	1124	
2812	4806	5774	
5178	7973	6276	
2558	4241	3372	
8647	5173	4918	
947	3752	6183	
827	2915	3641	
6244	4402	9865	
6122	6341	6872	
302	2859	4996	
1931	4196	6777	
8907	4970	2828	
1734	4853	455	
916	2105	8513	
7531	1213	9151	
3094	7015	3387	
461	7840	3235	
4070	5492	7927	
485	526	1631	
752	335	4651	
8907	4621	7461	
5234	5795	2592	
3833	5427	1656	
1934	9605	6527	
8217	6638	1125	
2376	7157	3424	
5806	1168	1850	
9898	7903	931	
3496	510	1282	
7569	2248	6087	
4943	275	4738	
8594	6718	5599	
9104	5178	678	
7079	8445	4971	
3335	6971	9624	
6824	3728	767	
3467	2345	3614	
5815	8547	7244	
4915	9950	1771	
9371	4750	5254	
1641	4446	5500	
6458	9029	7847	
4938	2672	674	
7612	4422	3434	
9946	6530	9554	
6059	5706	4484	
9779	5383	6039	
7987	5356	9283	
3979	9511	9746	
2683	2128	7236	
2188	2338	2040	
2552	6938	4548	
5575	3360	3742	
2184	2669	3787	
9883	5009	1460	
2630	7864	1379	
402	7670	7217	
547	6987	8084	
1963	1448	1255	
498	8594	2285	
2795	268	8625	
2904	1207	5178	
9628	4852	9515	
738	2045	4027	
1335	8506	6586	
8064	493	1803	
9600	232	5013	
4017	7614	1400	
5565	6110	5808	
5098	2635	2159	
6037	1529	945	
6615	8832	3804	
8347	9431	664	
9824	7735	9855	
572	9053	7330	
8253	7159	2506	
827	2916	2507	
1197	8134	3241	
1421	4571	1248	
2471	8061	3773	
2474	306	5921	
1459	1108	6136	
7965	6755	759	
4436	6705	2266	
7582	5740	974	
3539	2210	9162	
2566	1349	3377	
9687	7327	6806	
6315	4995	1924	
9502	4552	9714	
8745	1702	7353	
304	1048	8047	
3881	3397	5005	
687	4016	2820	
3610	3351	9637	
6285	2456	5456	
7596	7778	4363	
7187	19	4775	
2672	4679	5621	
8498	5125	8613	
4442	4546	7893	
1176	7788	941	
8800	3953	1205	
3729	3523	5238	
4778	5835	7512	
1322	8926	1318	
5581	6520	3188	
8908	2841	6585	
6790	5160	2609	
581	1915	1307	
9414	4470	4280	
1181	4951	2840	
9014	1004	1915	
7340	7595	7968	
787	6124	5112	
2991	6576	6233	
9247	9324	2641	
8064	2878	841	
3958	6075	4764	
9806	9030	5347	
8511	5266	1033	
371	9912	2422	
915	4360	9708	
2145	3310	9573	
5119	1206	6898	
9075	4175	9778	
3124	7254	394	
9169	2633	5258	
9837	4144	4981	
5116	5723	3197	
5780	2917	790	
3354	6627	657	
7101	9249	6124	
254	4241	5393	
8893	3488	7029	
1975	372	5665	
4098	1800	1865	
8726	4037	4074	
9016	2460	8630	
3107	8793	3377	
9958	5625	2974	
2240	9827	1016	
3480	1604	8394	
978	9862	1853	
2059	4896	764	
7841	5266	8279	
2940	265	9463	
1590	4963	5948	
739	8699	6674	
1498	9133	4534	
3399	8622	8048	
4886	5912	4743	
1339	7567	6700	
4048	2182	268	
8310	1130	587	
7073	4638	5979	
9192	7578	6206	
6320	288	9935	
2262	2670	3608	
6713	2604	5542	
4773	3662	4548	
1751	4784	136	
6759	7566	9058	
6547	2467	9176	
7394	9525	7951	
2904	6088	8889	
4265	4339	6445	
8212	3870	6457	
4833	8952	4710	
3598	5113	1478	
4857	8758	6099	
3758	4498	1376	
7863	9859	942	
8713	9644	4266	
8913	641	5939	
8624	9094	9963	
8164	3291	7104	
4221	548	6665	
4049	24	7680	
8853	8342	4961	
2280	2632	4270	
9646	6906	9339	
5798	6492	634	
1179	1730	669	
396	2005	6841	
783	6190	5793	
8621	1159	9380	
7420	3478	4333	
3217	9789	2571	
6353	8686	1865	
652	2923	9531	
9425	9982	7456	
4880	9289	2836	
9760	558	1396	
5878	9581	7558	
9003	2673	6694	
7846	3468	4619	
3233	2188	1631	
6993	6615	2616	
7460	8127	3560	
5346	3496	2922	
8160	9077	7255	
6798	5010	4663	
9131	9472	2272	
9813	3570	2047	
2909	7296	4622	
6507	8761	9742	
5	9154	8444	
7439	1289	4771	
4590	8189	3842	
2177	2258	3182	
7	4006	2883	
8010	5548	4449	
935	9091	2261	
797	7296	5285	
6217	7456	9937	
1036	7650	3485	
7982	2556	3664	
9542	7692	5490	
5725	4369	7831	
5781	7323	2469	
210	1559	7818	
5602	8489	7550	
2358	8827	8435	
4745	3980	1793	
9972	7985	5165	
4733	2510	7951	
9260	3785	7639	
7284	689	8587	
2149	1720	6320	
7807	8822	402	
7988	2128	13	
3761	6420	3443	
4838	6149	4903	
3233	1467	4717	
2724	5647	5983	
9150	7763	7819	
7815	3692	511	
5108	2809	5784	
940	470	9564	
8294	933	2401	
9711	3882	7535	
1542	7846	6127	
2154	7278	5566	
7587	2357	4294	
7570	2050	9376	
1674	7126	6590	
9245	9821	2208	
4376	688	6498	
6119	9934	5990	
7627	2596	2096	
33	8459	1333	
8144	6737	4058	
9712	9702	8447	
2293	1381	1037	
4451	8847	812	
398	3093	5608	
8557	550	9568	
999	734	1415	
2882	9111	9447	
1896	7473	4908	
1009	6202	4712	
3089	365	4440	
8862	4352	9698	
5401	440	1917	
7630	710	5156	
4543	1389	6290	
8726	7723	6584	
1579	4288	7630	
5924	4300	9594	
4807	5515	7468	
9538	4864	4952	
8471	989	8983	
9692	7270	8059	
605	7469	4525	
4184	8537	7022	
7474	6654	602	
1690	4037	9816	
7800	6250	5200	
2258	4774	2294	
588	44	3446	
24	669	1805	
1112	1148	9083	
6820	1073	2307	
6015	3578	7716	
6983	902	356	
1951	393	5461	
260	405	1718	
9529	2366	9811	
6888	1305	9128	
3441	937	4779	
9387	4360	8146	
3167	1703	5674	
2065	7900	3634	
50	4793	437	
3552	4073	8899	
7432	7951	1138	
6147	1587	346	
5043	6517	6675	
5005	6144	982	
3994	3208	2614	
1695	8044	1404	
176	4380	358	
9202	5210	699	
9948	3275	7408	
4320	4718	6498	
4081	5142	3446	
7902	3766	1391	
6416	2387	4377	
3772	38	6408	
611	3704	7079	
772	7542	2734	
4964	4034	2116	
300	5111	7283	
4858	9151	2496	
5826	9101	4413	
7245	8594	591	
4466	9173	1268	
3614	4578	8881	
6965	7978	1646	
4567	5332	176	
2241	1797	9954	
6423	9450	5702	
3793	1286	1188	
8980	7503	2881	
1184	2955	2028	
734	7764	7990	
5174	6616	989	
1832	1942	3023	
6064	3160	5875	
8170	8559	8010	
8037	8987	9319	
3830	4212	7133	
1717	8840	3983	
5916	569	8387	
9528	64	3858	
5666	5500	552	
5097	1645	7040	
7071	1146	5316	
7447	3134	9357	
491	1489	7550	
2387	4882	9134	
3015	2044	9840	
4384	3962	6837	
5996	957	9176	
6334	9207	3891	
7357	8682	3161	
6039	6525	9328	
1990	6406	4265	
3486	557	6140	
1981	2989	1117	
7411	5769	655	
9476	8067	7002	
357	598	8424	
2789	8109	3462	
4881	8479	169	
9028	6005	2604	
5483	7251	16	
5970	7532	9318	
6843	5305	540	
1238	9801	1329	
5779	8594	493	
3632	3670	2308	
8073	7414	1749	
9036	674	3407	
9922	1035	9615	
1589	460	1470	
4336	3871	7561	
9061	8076	8187	
2802	7199	3666	
1363	6360	9380	
1681	4878	20	
2351	499	1862	
7020	8309	7124	
6897	994	310	
2464	7598	2246	
5279	8027	5150	
5804	2634	6202	
6349	7800	6179	
3710	2459	2966	
7847	3873	9804	
2358	5323	2649	
9800	1700	3542	
5721	4479	534	
3868	7831	8253	
9790	553	8600	
8006	7055	8918	
5367	7454	5517	
682	9477	5831	
5117	6048	5483	
9080	4603	4929	
3675	5463	4347	
8398	3732	7891	
7703	8221	9891	
1312	247	2909	
22	4511	606	
2103	5181	1801	
4961	195	8202	
7017	3571	6484	
7463	9427	2811	
3777	3654	9253	
7703	5921	8419	
9256	2474	3074	
406	1811	3696	
7447	5861	5244	
5075	6411	1591	
4059	9366	5542	
9650	702	9310	
2011	7750	2819	
2241	219	6835	
2853	8070	1594	
5988	5445	5484	
6507	111	5124	
7639	251	5988	
7291	2645	2007	
3411	5768	7310	
2731	2827	1733	
9754	1977	5837	
8342	8748	898	
3247	4943	1884	
5395	9820	5888	
8099	6366	7144	
1438	3103	8036	
4482	655	2822	
5789	6770	8673	
7656	3140	5586	
9159	3357	9601	
792	2273	2589	
6596	4865	2375	
4398	5083	2554	
2163	424	5056	
2984	648	9029	
5122	1591	2002	
7876	2558	3904	
6859	5356	4315	
8963	4871	5453	
2447	5508	4013	
8291	4096	6354	
2563	3300	5179	
4706	7445	4569	
4971	4538	49	
2617	2950	1050	
978	6992	9578	
3877	3910	7438	
8223	796	7166	
8572	2841	9276	
1507	2298	5933	
7262	1519	7828	
3469	7612	703	
4467	7410	6420	
9235	2447	1765	
5061	6030	9970	
2986	7589	6289	
216	5017	9717	
1295	7667	4010	
6876	9212	1818	
8028	2704	631	
5121	9123	4420	
6753	4245	7596	
8699	9272	9982	
5854	5515	7637	
3894	8638	6620	
1327	5848	6478	
2383	6521	3154	
7236	1612	9631	
2181	3875	4659	
2200	7019	4888	
6660	1208	648	
4403	1818	5397	
5112	4048	9427	
8260	3464	8897	
9995	8288	8225	
858	5125	646	
3936	2280	5643	
8975	1761	8431	
813	2059	5129	
1310	1157	8822	
5490	8321	9611	
9082	3249	3235	
3093	3377	1395	
8430	8678	6645	
8294	3137	6103	
6743	37	348	
6804	1592	123	
5515	1741	6134	
1625	7501	5580	
8103	2034	4944	
3014	43	2115	
682	7946	6625	
784	3974	7815	
153	6602	7338	
2171	5537	957	
2433	1829	6558	
5909	7322	348	
2777	7760	2027	
9673	5363	4542	
5651	7678	6614	
7574	2795	1946	
7274	4371	5704	
3573	2001	9307	
4817	7222	7632	
5295	3879	2068	
5370	9646	9925	
3512	5546	2965	
6341	7442	573	
8081	1309	9507	
1481	9829	1812	
6919	6398	1287	
4053	2565	9992	
4244	335	5279	
814	4676	5878	
7652	3562	1720	
3114	5685	3717	
784	497	6565	
6622	4073	4996	
2985	9287	8596	
5267	4622	7565	
7601	9846	7594	
242	346	4785	
3211	1688	8524	
2930	9068	1019	
5872	7210	7990	
7964	7785	7222	
2275	9046	7957	
7962	7406	8847	
4214	5113	8294	
4445	7595	2643	
4400	9442	4087	
7322	6604	3925	
4723	3059	928	
1390	9279	9366	
2129	1982	7923	
1618	9409	1209	
3044	9777	786	
2385	659	9042	
584	8464	3231	
7529	5884	3954	
6490	7503	124	
7596	6329	551	
3472	4045	7653	
6239	4168	2447	
7295	4559	4018	
4090	6529	5985	
4647	4198	3919	
3388	1109	8458	
6395	9375	631	
950	8120	7511	
5216	1689	1111	
4333	6614	6416	
4205	4959	5707	
7164	8502	3097	
7624	8766	4770	
6496	2418	6162	
8653	8347	5822	
5845	5037	4574	
4544	261	4356	
2660	4511	484	
3462	3864	277	
6007	9060	7072	
850	2609	886	
5239	7808	3319	
792	3510	4914	
1968	4603	1086	
6117	5307	3868	
3476	6360	5117	
5218	5641	9512	
4053	8801	8181	
6228	3950	4907	
4912	8816	801	
1318	2172	6325	
4612	7225	3682	
1156	5314	5600	
7560	6107	8696	
5295	460	2433	
7146	8146	7856	
9707	7792	995	
5682	6481	4016	
8597	8774	5546	
5065	4717	7346	
3540	1481	9089	
2774	3313	1164	
8921	6390	9307	
8721	8097	2229	
263	6138	9744	
5743	6567	8609	
1923	6820	6618	
8722	3011	3052	
974	8393	5541	
4459	758	7752	
2800	5603	4966	
1620	3129	4192	
3243	9117	7610	
6724	4168	3208	
401	9376	1178	
5819	8708	8683	
3533	9221	5203	
6482	4760	6935	
6310	4252	8372	
9763	7061	985	
2730	2223	9926	
6679	6106	9110	
81	8768	3447	
8524	7568	3123	
9471	9979	402	
2941	8025	2079	
9103	7748	3767	
2250	3285	2432	
1371	2580	9856	
9830	2326	6803	
2169	5923	9483	
2067	1989	4785	
9875	275	350	
6489	3305	2364	
2687	4965	6885	
1486	4073	8512	
1894	4232	6019	
2269	3192	5284	
5886	2273	6454	
4957	3590	1966	
2265	6525	5444	
6028	8398	7000	
4416	4966	2805	
5263	2980	8623	
9829	5569	3532	
6447	7534	773	
4698	8462	1015	
3292	534	923	
6981	1494	8770	
3161	8093	500	
3771	3799	8976	
8950	747	7562	
8821	7312	7756	
4666	1477	2333	
8551	9014	3696	
5728	8315	9460	
3581	9571	4633	
265	8094	5327	
8523	7441	3169	
454	533	7660	
8307	1040	7747	
7606	2112	5904	
4594	3408	9734	
3170	8012	7088	
1607	723	3547	
146	2140	6861	
4078	825	6982	
3326	3177	8631	
3632	8308	1494	
5124	913	5863	
10	1886	6558	
2818	8771	2958	
9292	368	333	
2211	4163	2895	
8020	7101	5390	
516	9907	6872	
9470	4875	4379	
4882	2766	5784	
4143	8107	6898	
9247	444	7768	
3193	9308	9910	
7508	17	3088	
6590	2788	9961	
1833	2800	2421	
1233	4221	8168	
7861	8670	9331	
5364	4906	9851	
8670	4469	3138	
5017	7814	7775	
8553	8278	357	
4304	5745	380	
6347	8237	9553	
7024	302	3624	
2140	6251	8561	
3774	7548	6037	
6416	6397	2811	
13	2373	7890	
1582	2293	474	
5808	3871	8330	
5788	6013	1093	
8354	2665	598	
4722	7438	7670	
4995	9960	1903	
7151	7733	4009	
6709	1259	7100	
6315	2546	6186	
6597	5700	2428	
1999	8225	9479	
6162	4276	2545	
8778	9142	3375	
6572	7875	5640	
8783	5155	7903	
3876	8130	6812	
5999	3778	2743	
1514	8688	1755	
954	1774	4837	
9755	8242	4407	
6787	5122	5235	
9348	6905	4292	
6320	6378	1354	
4416	5473	9554	
3128	4702	8412	
9561	8078	849	
8019	6715	6314	
3101	5866	2778	
197	8226	6532	
1992	6544	9110	
9497	6932	9902	
2352	6230	2016	
1256	2976	2881	
1633	545	2909	
7447	1921	1798	
2935	8659	9439	
481	1019	2333	
69	5355	9604	
9149	6025	9051	
1998	8219	2461	
9520	7861	2533	
4466	150	6093	
300	2905	4633	
4971	9979	6010	
9779	1088	8388	
7213	307	5014	
6025	4102	6413	
1091	9460	6606	
7335	3243	9716	
6988	9287	8882	
2500	1618	647	
62	9994	1412	
3426	1210	6553	
2339	1518	2200	
4963	6952	5750	
5278	3198	4076	
4882	7777	9553	
7988	4837	2527	
7852	6730	3155	
2102	3570	9926	
1821	6306	404	
7275	2715	7140	
7290	6622	6564	
2558	8464	4626	
2237	7834	6380	
2751	796	8330	
3288	3664	9303	
9115	4960	5227	
8510	7635	8601	
3916	1314	7881	
939	5291	3952	
435	733	9356	
78	9754	3548	
3893	8353	1067	
7623	9865	1305	
7943	6666	5747	
8697	8185	9749	
6687	3878	6487	
2377	4226	5260	
9362	1278	6921	
1800	7272	2644	
5679	7909	5145	
324	7769	7286	
8294	3553	2555	
381	5269	6241	
1885	8726	3585	
4882	3784	6771	
9887	2443	5803	
180	2155	5200	
794	1090	7297	
4049	9846	4905	
231	5664	3783	
7296	4551	3837	
6421	3558	2891	
1599	3894	2251	
4657	4721	5074	
5368	5998	503	
7411	5020	431	
8716	360	6067	
1546	1738	2233	
7621	7363	2324	
1060	1257	9418	
5955	6054	4468	
4562	5979	4261	
6578	7485	3626	
4010	8528	227	
4349	7212	4931	
7761	4558	2759	
648	3549	1821	
7308	4713	9416	
8650	9026	2041	
5149	5469	5530	
3004	7478	594	
5664	9462	5405	
5156	5981	5791	
6112	3957	5082	
47	3214	7735	
2143	8924	5166	
4394	7209	7868	
4366	4371	3625	
265	2665	2853	
2073	8945	7266	
158	1402	9047	
9261	3520	3754	
6074	9533	3067	
7169	8655	1480	
9396	3210	5069	
1958	6276	6686	
1189	216	3216	
8155	8476	3302	
1360	2228	2919	
1889	6029	9299	
9026	2823	4492	
6346	7773	5284	
2370	2806	1507	
4021	4915	2644	
7224	6712	2508	
8302	4926	9664	
8888	1854	724	
309	5954	4563	
4076	664	6601	
9265	1575	1476	
9369	6035	1536	
6575	651	2747	
5602	4848	6203	
1962	3990	3882	
9218	3836	7804	
8310	496	4058	
3030	7584	3287	
2899	4988	5528	
2615	2436	959	
9545	7777	1364	
5902	7366	4683	
7485	4542	303	
3711	4420	1274	
4035	3376	9866	
8423	7168	5386	
5691	1	9701	
9492	6483	2024	
6393	9493	16	
689	3749	9712	
2259	9338	2236	
3838	4272	5982	
1723	6567	6725	
7073	8698	9948	
9464	5945	9602	
4084	392	3769	
41	1040	5333	
6955	9657	2685	
5196	776	6512	
5750	5179	1287	
3360	2020	9411	
9697	8469	6675	
2267	2317	1495	
945	4912	7293	
2405	9414	6522	
8083	5170	5627	
378	3889	2700	
1561	3088	9548	
6582	2094	4090	
4796	5800	3150	
438	2099	9197	
7812	2904	1735	
6362	8660	7191	
6926	2126	5598	
545	5269	6644	
833	7071	1469	
469	2346	4004	
930	2555	8423	
1470	6409	9681	
540	4911	2966	
1734	8081	9782	
9287	7040	3478	
742	5969	3292	
8116	9208	1285	
3396	6130	8236	
1774	6042	4288	
2987	7049	3841	
4756	6344	9585	
1098	3551	7493	
5991	4108	7130	
8305	5003	8941	
3378	3279	1049	
381	3517	3602	
1442	6786	2536	
2596	9014	2045	
8512	9366	731	
1275	8121	1090	
3437	2376	5117	
3580	6610	6958	
3268	2119	5384	
3820	3069	8723	
8750	1346	8247	
180	924	6696	
1662	5135	6096	
9917	3253	2301	
7973	2189	6124	
1170	529	7580	
1854	4727	5724	
6128	6666	7907	
5545	3579	7324	
7496	3922	3125	
5576	7610	6436	
9672	4994	3498	
6820	2341	8332	
593	8780	8484	
2445	8376	5479	
4280	9723	5956	
8852	4945	9557	
1391	9290	1851	
351	6273	7897	
6868	8458	4046	
9864	8507	3759	
1529	6305	6260	
5480	9894	6757	
9656	1916	8428	
5693	9993	789	
8345	2798	5378	
6496	1584	9208	
173	176	4798	
2059	7167	1454	
3003	2103	6398	
5281	4507	8351	
3746	23	8436	
3080	7001	3565	
3737	2211	3637	
7329	1157	9397	
9824	961	6628	
7360	4448	3807	
1947	8144	5221	
2084	8280	7972	
6014	1966	8004	
1654	220	7463	
5012	7721	7199	
5187	1599	1102	
4364	5254	9194	
5347	7168	9215	
8255	1321	5694	
9077	9068	5184	
8964	7565	2360	
4289	3756	821	
1824	3495	8302	
128	5216	3835	
4307	6926	1357	
6283	3188	1031	
31	9127	113	
5909	2828	5736	
8525	3499	8318	
6844	9158	5637	
6407	5490	8307	
1501	491	5246	
3991	6455	7724	
1706	3426	5610	
2179	4794	3590	
3244	538	8394	
6502	9128	7254	
7670	8299	575	
7058	21	9328	
6152	3255	8451	
7309	5349	151	
3770	6706	3092	
3017	2669	8793	
2510	7038	4944	
5277	2111	658	
7111	9514	3155	
6414	5449	7354	
8170	9419	7200	
1598	423	2257	
1072	1934	8555	
9981	6882	7863	
1864	5505	2445	
4723	5669	645	
9903	6663	4382	
7499	5853	8549	
4388	272	1813	
2018	2520	7118	
780	4034	5695	
1743	9689	7791	
1491	1453	8317	
9161	1015	4964	
349	3495	7748	
3992	2813	3947	
1764	2387	4859	
5396	4730	1286	
6053	4509	1084	
1297	5720	6019	
1455	5774	2167	
4147	3726	8904	
2900	1602	5766	
2857	4734	758	
6400	8160	9991	
2402	1244	4082	
4464	9407	5478	
9143	8275	8501	
9432	597	7917	
2665	3740	6010	
1350	3392	956	
5410	6494	1778	
1624	6329	9926	
8314	3747	6762	
6920	5722	3947	
2502	1508	3387	
3683	561	569	
7761	7710	2070	
1804	9709	6730	
8490	5607	2973	
7959	4606	7553	
4862	131	3790	
134	8641	35	
9206	2147	2875	
6656	6741	5456	
5127	4811	1833	
6682	5542	9102	
9210	2524	6055	
1489	4723	553	
2945	5190	1306	
1113	1917	8994	
7777	2846	6448	
2904	5141	4177	
5766	1235	8756	
9454	8891	1871	
2251	1049	9874	
7797	9933	2011	
8681	3681	9280	
6701	8947	1922	
9986	7199	389	
7550	3529	5078	
2781	303	9527	
6640	3115	862	
8028	9173	9155	
8666	678	2956	
6747	725	8515	
3687	6112	9788	
2455	9948	6597	
6449	7625	7024	
1915	8006	1719	
8802	8828	679	
5979	1554	1808	
2069	3685	3164	
3331	4763	2951	
7285	5854	6543	
9104	5760	2578	
8710	8608	8510	
2051	5156	4538	
896	2977	1568	
759	2362	3057	
5536	247	6133	
8570	4133	227	
4033	1948	8085	
9838	2470	2715	
7457	2442	5845	
6954	9571	9078	
3664	5409	9798	
933	4690	5169	
2	8634	7804	
5406	8370	3855	
2445	6155	9044	
4453	2878	7812	
2108	5398	5399	
6260	7205	8502	
2241	2119	2902	
8184	5625	8986	
9100	2781	9198	
2447	8585	9991	
6439	3500	5497	
1531	4228	4867	
2845	3205	1311	
8812	3079	1238	
9230	8878	1296	
5656	3625	5260	
1273	1938	5746	
332	4700	5094	
1318	4148	2094	
6856	2062	654	
6675	1450	1618	
26	1214	1714	
4043	8865	6052	
3853	7507	8199	
2508	7116	6316	
3435	8357	4669	
4217	9337	2196	
2437	2477	7566	
3432	4312	9566	
3499	6523	4555	
213	2946	4056	
6993	9765	3037	
4164	2274	2054	
9919	9403	570	
4525	7298	7575	
9069	5818	399	
8959	5352	9229	
6045	6458	4499	
8581	6272	8110	
3154	4615	8866	
3242	9803	855	
3392	1068	4290	
9494	2299	1471	
4031	6121	7679	
5109	481	4353	
624	2573	8220	
5020	8480	6306	
8350	8552	8829	
6879	5296	7151	
39	66	9384	
8804	2447	5212	
3371	7624	9595	
7250	9567	1656	
2007	9444	2574	
1943	5589	664	
9846	2196	7621	
8322	8430	5304	
6687	7585	3091	
8590	4269	873	
6321	4783	5222	
6376	2445	5145	
7685	4983	9215	
1323	8808	1728	
2477	1055	7908	
2887	9026	1381	
9302	4022	4381	
1480	5668	152	
3126	9568	5026	
1794	6635	1459	
3457	665	8857	
6104	6194	5716	
1846	6634	8792	
463	1851	4965	
283	9400	8159	
4752	9208	9738	
6495	5063	6918	
6468	90	4755	
5219	6870	8808	
5000	2205	3591	
6986	7100	2845	
6245	508	9167	
2382	5642	9671	
5883	8028	8935	
2260	601	407	
8800	3483	2557	
1110	547	8617	
5008	3688	646	
336	7448	901	
4397	9496	7478	
4467	4069	3251	
251	8278	2032	
4735	6920	687	
413	9300	5009	
3253	1139	5645	
4108	3136	5754	
3059	6956	5793	
5158	3653	3301	
6784	5456	6132	
5755	5694	8515	
1627	6844	1449	
5664	5675	5062	
8494	991	4148	
8726	4280	9299	
4736	430	7014	
5480	7722	7170	
5099	1419	4972	
7792	2143	8694	
6086	9833	6291	
4230	4554	1040	
5666	9579	707	
3694	7619	3980	
7110	7264	2762	
9637	8577	9726	
5022	5550	1553	
1576	4965	537	
3808	3567	6940	
7879	1818	7325	
1203	7463	7552	
818	8965	4364	
5782	1068	8597	
8218	6535	4338	
3572	1997	1656	
8445	1631	6838	
7018	2003	3076	
7620	4793	3554	
6629	2986	8193	
7254	5558	3650	
4033	7479	6737	
3342	9735	9762	
1049	1990	4619	
1393	9515	2883	
1240	8330	8320	
247	7445	3425	
5327	5399	4225	
4667	3791	1863	
253	2912	3866	
5712	8211	5691	
4478	6752	4068	
9090	4349	3486	
2944	2989	5620	
3640	9822	3589	
1192	3915	5772	
6634	2380	5726	
5648	6080	6351	
1900	3084	9255	
3667	316	144	
7238	7912	1454	
7642	7540	647	
2149	7448	6994	
8283	3931	7598	
3160	7097	8357	
3187	6331	480	
6757	3798	2615	
2667	422	4574	
6383	532	3911	
4319	6766	5347	
4551	2008	6089	
468	9225	1160	
7619	182	5940	
6305	5484	5023	
5002	1398	4375	
5821	5859	7518	
4263	6903	8853	
1338	3525	3730	
7634	2691	1424	
384	9119	4684	
1890	5347	9884	
8359	347	6192	
7204	8131	9757	
542	8387	3699	
3939	5517	6831	
2106	9998	4387	
676	2467	3373	
4385	2176	5581	
4824	4437	4392	
3218	361	2601	
8165	8985	1576	
7160	3087	7010	
4674	65	5700	
9327	1365	5300	
3812	8402	1067	
7849	5868	1424	
9360	1216	3166	
9253	4961	8066	
4841	370	3235	
6407	7882	1041	
9693	3121	7519	
2201	4452	7094	
5860	1052	1089	
747	9292	158	
2512	9931	29	
1409	8504	4759	
5160	2843	3410	
9527	9331	4201	
9896	5887	117	
877	3451	1549	
6222	7794	8816	
6334	3488	5568	
7273	7376	8158	
6811	3884	2450	
7280	1430	3762	
1960	1248	4805	
190	9979	2772	
1280	4775	9085	
5624	211	4980	
3498	7351	8594	
8291	1338	7830	
2794	6855	5634	
6125	2771	4940	
9163	8227	1585	
6615	922	4133	
250	4046	5774	
386	3170	2049	
3881	6822	4930	
420	7813	8913	
9751	555	7720	
4756	4566	9553	
8850	8663	4845	
3412	3395	633	
1845	3072	1050	
6005	2883	6646	
6184	6478	5758	
137	3682	263	
171	3798	8757	
5953	6325	1421	
7124	2370	376	
1152	7661	5998	
3884	6087	1595	
8181	3662	1421	
8772	6089	8138	
2266	7489	6202	
6501	4606	318	
7391	9479	3191	
7864	4323	1222	
8351	2723	1690	
3597	5334	8062	
175	9067	3735	
8158	412	1128	
7161	6278	7636	
2867	5796	4920	
3296	2982	5854	
5414	1780	2571	
5042	6481	1693	
2376	8907	7747	
4362	501	3362	
296	7316	126	
6626	4678	844	
7204	7108	9933	
6063	9775	9276	
1545	4392	4606	
6079	5813	82	
9774	1103	8058	
8056	9512	1045	
9318	4076	2885	
4762	6519	480	
397	9410	4422	
2276	3453	518	
8352	2076	1655	
1740	8431	7517	
5379	1092	2648	
5861	6564	1105	
8814	4788	8469	
6755	3348	9226	
4066	2781	3071	
3647	4354	6136	
9289	6281	2482	
4915	722	5677	
4462	421	8401	
2469	4744	5217	
9369	7146	5306	
3572	6919	3934	
1544	2255	2391	
9897	6671	8459	
2182	9838	1115	
3629	2865	8602	
3460	584	8621	
1704	5623	9466	
5760	9091	1235	
3380	5389	6505	
7498	9065	5661	
3145	9656	2834	
4696	1865	1200	
3323	9588	3862	
2657	3262	9524	
2344	5943	8474	
1793	17	6270	
3711	902	8403	
1858	9401	2117	
1163	2242	8039	
8967	4654	6370	
2135	6609	4622	
4960	4559	7538	
1640	4222	2618	
9208	366	9582	
2110	8099	3372	
2636	1366	2113	
9417	9748	4001	
5369	9100	6693	
9926	3027	8680	
4190	8033	8420	
1206	2420	9823	
215	9742	965	
2882	1751	33	
2327	2497	7481	
373	3514	3984	
6646	5950	1260	
5335	2391	6406	
4555	9377	441	
6793	6357	8531	
4639	4175	2987	
6967	3143	54	
6548	8101	6821	
4716	9374	6365	
7451	4326	6927	
1123	5546	1488	
1577	7239	2674	
5042	8492	1567	
7669	8186	7062	
3540	10	636	
6646	6022	5134	
8915	1006	3277	
421	9970	9078	
6077	4109	3836	
2700	1157	1187	
9548	8313	3684	
7423	6578	4992	
8920	9771	6331	
4320	6276	9233	
92	8761	4974	
1506	730	8715	
1426	6050	4312	
281	9510	3137	
8638	2685	7020	
4373	1427	7109	
3949	1251	664	
3643	8280	156	
5120	1282	9399	
4820	3727	300	
3161	7534	8941	
5144	4786	6610	
6071	8361	8156	
4945	4259	1074	
3255	6544	2798	
5086	5204	9376	
5652	1724	8458	
9390	3564	9191	
5987	8085	2861	
4899	2407	721	
3760	4835	2739	
4575	5523	8200	
6405	1185	4919	
5892	3238	1197	
1160	13	7076	
4149	4182	6013	
6635	3953	5188	
8133	6304	6024	
4796	594	6538	
238	7037	7144	
2029	8071	6003	
7307	4564	7706	
1794	6620	7626	
5009	5630	5712	
4965	8684	5721	
8189	8208	7125	
6154	6653	4644	
4510	5990	149	
1410	1862	7262	
6416	5215	7259	
4373	4500	5213	
586	6732	5574	
2546	6514	2605	
2328	54	8838	
848	273	1854	
1473	4092	5062	
8208	3779	9918	
7028	6787	9770	
6207	9167	4213	
9500	5461	1460	
6568	1456	3689	
6139	1242	2189	
1312	5032	7871	
4650	8504	129	
9949	1413	5808	
90	20	3679	
2405	7036	6952	
8900	357	3124	
140	5608	5906	
1543	9389	9533	
9669	6243	8264	
2737	7771	913	
6601	5957	8065	
7399	3137	7720	
4951	154	5523	
6481	4468	2592	
1867	2476	2183	
5363	4699	3163	
3333	6434	2356	
4846	355	1698	
1629	1118	8593	
8913	819	499	
9729	683	5166	
1205	2627	229	
5851	3135	3423	
6951	3067	8831	
1631	7975	8599	
538	5990	9664	
9454	7949	1664	
2434	7725	6527	
7175	1698	3994	
8930	6367	9554	
1245	4920	5087	
6780	12	3250	
140	9687	1377	
5219	8116	556	
218	9395	7492	
2131	1341	7183	
8535	774	4149	
8206	8107	4167	
3341	5695	4337	
1037	7960	3758	
7329	6250	9739	
4213	3768	1048	
1496	6847	3455	
8641	1608	6872	
9945	5022	8179	
4896	3464	1991	
1615	9886	9645	
2858	195	33	
5130	183	263	
5362	3798	4903	
4154	3013	1244	
9756	1231	3166	
8640	836	4245	
3121	7296	6247	
7666	945	7906	
4464	9323	9274	
5136	9705	3955	
6251	8364	3902	
1549	6186	7089	
2164	6799	3436	
697	5218	4917	
3932	1973	2637	
9039	344	5964	
450	425	4763	
5730	2733	6453	
6420	1508	1974	
6326	8710	5566	
9355	5163	7305	
5145	72	8919	
2655	276	3267	
1129	4672	1582	
3828	2013	9526	
7390	9841	4318	
229	383	216	
966	9314	2891	
4854	6627	6052	
434	6997	9512	
8424	9239	9681	
3949	3950	9751	
3851	5428	6929	
6999	6151	1578	
6644	218	7632	
7925	2632	4524	
5500	5856	4842	
5597	7402	4016	
2473	4173	1143	
450	4357	6224	
3680	2084	8611	
4719	6641	6268	
141	4555	3340	
7705	2630	4014	
4422	3524	9787	
3232	5739	674	
7301	658	2113	
1897	428	7691	
4746	4060	5845	
8109	7700	6693	
587	3075	6875	
1679	2972	3242	
6558	3741	298	
1656	9934	6793	
4066	1341	8354	
8429	9705	9701	
8696	6552	5458	
2230	3126	5134	
5373	493	8158	
8254	4714	479	
1072	353	9466	
1470	8170	6284	
2726	5195	875	
8722	8729	1875	
677	8010	6328	
7191	384	3272	
2611	7052	4203	
6506	5491	3339	
1661	1489	5906	
9125	8362	1674	
3083	6263	5457	
5320	7734	5526	
1330	7296	6998	
3480	6093	2449	
7870	143	1829	
5214	2493	5170	
2996	8329	9371	
8889	1256	445	
2587	7589	3467	
1256	7616	9113	
2656	3299	5916	
2201	9561	8320	
2916	4926	3302	
7887	3967	979	
7063	8892	1373	
6544	6163	8617	
6356	9344	5553	
9012	9990	7505	
5363	2356	2638	
4951	611	7541	
4745	157	2390	
7390	4050	3417	
4141	7691	3558	
699	42	1212	
4870	9634	7359	
6281	3994	5515	
4178	3232	7810	
6183	2589	3469	
6696	2775	2193	
3477	4370	4663	
2091	1662	7075	
7220	1487	7358	
81	7947	3921	
6143	3329	6400	
8850	8524	1470	
6199	8407	9739	
1993	1507	4582	
7335	7274	3417	
7386	3177	1109	
2096	5941	4386	
6792	7735	5189	
439	8225	5346	
687	5033	8684	
3571	2760	3759	
9417	4897	8227	
2531	4492	8792	
8404	2535	206	
2124	8563	1570	
2897	3067	4317	
6586	5425	351	
3300	4207	9478	
3612	1046	1250	
8022	28	9195	
6064	6023	1604	
2263	8623	6546	
691	6000	1604	
8355	9175	122	
4799	9629	5707	
2510	2532	8571	
5041	5529	4006	
1329	5512	8625	
2513	2752	9274	
6386	9124	5224	
4949	4742	7082	
3720	9348	8355	
4180	2593	537	
2397	1940	5928	
5833	6477	856	
7210	8276	7226	
6178	2827	6655	
3684	9184	5751	
9680	8352	7260	
5033	4245	1340	
6866	777	3394	
6596	3577	1776	
4901	3869	432	
760	3127	1263	
3271	8639	1026	
9712	375	4266	
2218	5595	1119	
7733	7321	2688	
9292	2344	3866	
2837	7316	4006	
6161	5194	5583	
2255	5270	8745	
4002	1605	4412	
3708	5529	4172	
3554	5273	1712	
2011	3910	9161	
5423	3455	5153	
7686	8096	8670	
9155	4482	4446	
872	6587	4868	
5612	218	9666	
926	830	717	
4149	4138	136	
8011	5214	6946	
7666	3506	4126	
2255	9684	4928	
4249	2618	1348	
3566	5261	1470	
5689	6810	6400	
8286	4683	8668	
2422	66	1353	
2746	5740	509	
8342	2391	5332	
170	9072	3030	
2333	3269	3599	
7852	9838	7014	
1207	547	4766	
9127	1674	3675	
9363	3815	4093	
588	2534	6967	
9173	3526	9791	
3954	1086	3641	
8947	762	5368	
4544	3110	6045	
6878	6968	3598	
6359	5716	9567	
8438	9920	5212	
5400	443	9718	
4245	2411	3815	
3445	4193	8	
8071	4803	3842	
1500	3419	6457	
592	8092	6058	
4427	2425	9822	
9872	2200	4950	
4008	1765	4444	
3957	6000	7978	
3715	8696	5810	
1987	9801	6666	
240	8283	2285	
3753	1699	1465	
4244	277	2480	
3182	9289	1171	
662	8007	5570	
3486	5716	2645	
7262	9675	5000	
4422	7674	7111	
8849	5183	4243	
2479	2374	713	
1157	5819	511	
454	658	6201	
1265	702	5023	
4930	3384	5754	
904	4858	3468	
2268	4676	4681	
5206	1481	3299	
321	4828	8900	
6291	2604	1224	
361	4114	452	
1751	434	174	
3982	6221	1721	
9928	7476	3813	
2587	7672	9485	
1830	6421	6089	
1339	7042	7758	
1717	3344	2536	
3393	1307	2126	
6969	6981	6716	
3914	8807	9738	
4646	1436	170	
7923	2968	5238	
9180	7594	3588	
9934	9892	836	
2082	5290	5664	
1795	5825	3783	
1115	9218	9848	
966	3806	3664	
7819	2884	8962	
1772	873	6468	
8724	3145	4498	
2635	2482	382	
4054	5911	4914	
3549	6601	3501	
1361	1037	1426	
718	2024	6343	
979	37	2683	
9514	1555	1903	
1756	5419	3510	
9463	6028	9788	
30	8334	8738	
7479	3883	1236	
1044	7976	14	
1653	9009	4645	
2379	2931	1857	
5242	6653	699	
5908	8885	9779	
2727	1287	9675	
1896	1536	3606	
2917	9280	8637	
8299	7226	7294	
5884	4276	938	
8995	7612	9203	
4181	6706	7477	
8383	9782	718	
7732	2599	719	
4324	2967	7335	
7490	3717	129	
6163	2249	1372	
3819	1200	9458	
5278	5128	2546	
4827	2607	6947	
9440	7494	3904	
8422	8388	1193	
1606	2809	7518	
1477	5127	6438	
8200	2928	9758	
9989	9892	5281	
2766	6905	482	
6983	6834	5462	
3390	3607	5507	
7629	8470	4353	
8531	6101	5705	
6846	6310	8616	
6970	3159	5920	
8551	1508	9333	
6649	3531	2535	
4416	1613	9497	
3297	7222	7953	
177	297	2539	
2960	2323	1540	
8135	8211	7439	
7594	3665	1935	
2184	5682	9910	
6167	3331	2730	
6357	9106	9026	
4067	9162	2488	
8839	5305	6181	
1783	3415	5441	
6182	674	4542	
6923	3224	7176	
4200	8214	2823	
8194	6019	5906	
3279	6470	7807	
7153	5314	5481	
6942	4391	710	
482	654	2353	
8377	5721	5120	
1490	4001	7678	
7140	6824	3493	
1125	3235	5788	
6353	9743	1832	
8984	8090	7493	
9756	1812	3535	
3901	4734	4985	
5079	5551	2811	
406	4733	5121	
8095	1217	6213	
3327	5400	6085	
6298	1574	3698	
697	8789	4287	
1061	4258	7340	
1753	7832	1071	
9781	1759	1760	
1345	8533	5033	
7753	9678	361	
3502	1135	3163	
880	3062	889	
4390	227	5438	
3795	6198	8850	
597	9079	1002	
7181	7043	5368	
382	1755	1114	
6058	9693	2074	
3236	9921	720	
2564	556	5092	
1908	27	2616	
2093	441	1473	
1988	1089	6870	
8438	9258	8103	
3018	6446	6461	
7030	7086	5566	
9078	415	2519	
2419	917	1396	
183	4256	8377	
8483	5058	610	
8794	6644	8286	
2945	3843	4251	
7700	2469	9566	
9625	5988	5170	
5016	1269	5605	
2338	1267	7731	
2441	7230	1258	
5327	1630	5225	
3087	6088	8881	
2904	2992	4940	
6350	386	3241	
5899	4066	2160	
7459	8394	4097	
3216	4681	23	
164	2412	8475	
8164	9274	7330	
8587	3234	9407	
4768	6981	1916	
2698	3759	5356	
1068	2496	9705	
5823	1245	4886	
2103	7115	6047	
9763	7371	1306	
2033	148	2150	
7497	7198	3514	
2168	2775	8646	
4734	9378	6953	
2184	9652	3865	
5466	425	4221	
8890	9872	8435	
7062	5620	2218	
2253	7086	5190	
8533	8019	5541	
2950	6494	2850	
4528	4027	5586	
8194	3673	9864	
1296	6752	8164	
118	9456	3191	
620	1884	2606	
6219	6827	9854	
5950	6913	8200	
8927	9875	350	
587	9204	7291	
811	588	7782	
9666	7538	4538	
2147	775	2471	
6295	9570	4443	
2534	4064	146	
5877	1957	5051	
3662	3763	8853	
8217	5022	4588	
475	2731	7725	
2128	7189	6528	
8867	9552	2939	
1068	1711	26	
1348	5445	9410	
7469	6018	1943	
3914	2043	7435	
2440	9337	1740	
8933	117	9282	
4943	9389	8026	
4048	9820	9939	
5233	9011	325	
2566	2754	6952	
2266	6040	5769	
35	8347	1133	
8214	7068	2632	
7717	3309	4995	
4133	6660	9821	
4033	841	4379	
9630	6476	7926	
4676	4563	9687	
5363	6671	2320	
4116	8468	5924	
2453	8583	75	
9732	1272	3800	
5320	7345	3408	
420	8188	3190	
3757	2577	4651	
4260	3686	3980	
8352	187	6682	
8529	9050	9761	
520	7350	2820	
9378	6442	2469	
3315	6772	7228	
1620	2904	389	
5755	4482	7301	
4115	4168	7872	
4956	2648	8203	
6105	8115	753	
1524	4256	3748	
1113	6781	5045	
4673	8326	556	
4467	5989	6656	
2821	8201	245	
8537	8443	1986	
9557	6574	1383	
1636	5991	9112	
2913	8562	2782	
9055	2491	7646	
7312	6028	1678	
463	3370	9001	
2236	4570	2286	
1128	5156	144	
8488	3453	9555	
3060	1070	6056	
6648	6023	1173	
7571	736	610	
9152	6068	2400	
2415	3956	7471	
5105	3125	4919	
7628	6806	9982	
8342	4656	9737	
2790	886	715	
1763	1938	3026	
5165	858	2299	
5731	8261	2788	
6022	2590	7640	
4650	6609	5142	
3434	7800	4427	
8243	237	8321	
3665	4379	7011	
5600	7313	2940	
1761	2025	813	
6059	7778	3133	
3053	8583	5652	
9821	2401	1463	
724	341	5490	
594	5121	1274	
9892	3197	6655	
1374	6651	6734	
5099	1696	9686	
3632	6598	3489	
60	6559	5744	
2624	3489	4451	
5554	5672	5573	
6394	8295	6191	
5178	6670	5416	
1935	6657	6694	
6451	4770	6384	
8343	8327	9926	
9009	7307	6479	
1344	1465	6474	
7640	4284	5363	
3429	5633	3843	
5129	8354	6798	
517	3310	1152	
5561	4502	6667	
5916	5734	3237	
7701	6653	4080	
5239	9415	2074	
6565	2147	2402	
6076	3324	6966	
2573	1230	8734	
3526	6026	9440	
8024	8788	8070	
7786	9755	843	
7036	1950	7966	
853	4152	2454	
1313	3100	6819	
8189	3774	4637	
2288	1289	1262	
2393	4161	3286	
9158	6550	1543	
8814	7052	1955	
7092	4148	4169	
8280	4878	4593	
9405	4731	1091	
1141	6954	4639	
4212	1743	6478	
4743	2367	3672	
3232	3913	205	
6649	3014	7053	
5924	5197	609	
1524	5338	7297	
2102	550	1303	
711	7289	2852	
7989	1322	2168	
6972	1559	3900	
6353	6234	9971	
3451	3889	363	
1597	7219	3610	
8845	9378	9197	
7360	995	206	
276	5297	3237	
7658	4904	6543	
1236	9461	4635	
1115	4234	2974	
6585	9663	8192	
8523	7446	5863	
6777	6665	9983	
6285	6780	7361	
2450	3313	1695	
915	5449	625	
2958	9266	3409	
7386	5291	2572	
3177	8843	7392	
5092	4118	4323	
2624	3853	2499	
391	3979	9765	
8262	5825	3104	
8043	3358	1671	
9100	9759	856	
1975	6961	4709	
8993	4845	4675	
2806	6982	5201	
5451	9331	327	
7456	718	1430	
9194	9589	6392	
7431	5083	2227	
8386	7847	3585	
6850	3843	3917	
1452	7539	8130	
1163	9898	5778	
2137	3388	1370	
8759	3525	4300	
7288	4617	8810	
756	278	8592	
9108	5280	8827	
9605	4744	2383	
8373	1208	8488	
7575	5339	1549	
3350	8674	7053	
7589	2144	8072	
4541	3892	5145	
1931	9590	3300	
8793	3337	9690	
7350	7818	2674	
4619	4704	5203	
7798	7759	6775	
9986	8313	3382	
6410	626	4135	
6583	1128	8701	
4334	4518	2896	
3354	7164	1218	
7075	5015	7222	
7404	7864	5234	
1313	3570	7724	
881	2593	5640	
7379	6913	1324	
344	7984	3004	
4154	4545	4764	
5684	7148	3115	
9607	5340	5638	
3834	3816	1445	
4649	656	2114	
3013	5969	9549	
6	4709	8408	
1570	8799	3217	
4710	6884	7422	
1442	5718	6859	
3170	6328	3702	
4410	3043	2657	
7978	4873	76	
8615	8733	3917	
931	3557	645	
6762	7350	2297	
8097	7055	9571	
8773	5810	5791	
8867	6288	5092	
7472	2869	1146	
6280	8684	7907	
6764	8735	4181	
4115	1133	4965	
1558	1420	1138	
8247	5332	9299	
2413	7794	6259	
8641	4374	7562	
6469	9074	279	
5699	7469	7309	
6784	8736	2194	
8779	4795	3062	
1359	854	9387	
219	7911	9551	
173	4497	5349	
7884	5217	7961	
3058	1884	8882	
8549	1568	9241	
6095	6879	5539	
2985	4990	9871	
9007	8112	6071	
6669	9837	6853	
7020	3395	3815	
3327	5560	1550	
9714	8396	1765	
7297	5132	47	
5576	6214	9627	
3588	103	8466	
9013	800	506	
708	9182	6906	
8559	7194	6795	
9919	5416	5055	
9973	3047	9503	
3237	889	5506	
1385	1771	6653	
2158	8664	6091	
2285	537	8091	
451	7363	9725	
3808	4637	4869	
3948	1994	6109	
6488	2953	8109	
4295	19	225	
2614	8811	9070	
4196	6712	4430	
2953	6644	9345	
6246	7209	1497	
8699	4706	2573	
3726	3406	9075	
3695	7131	7267	
10	4854	1760	
2595	2672	727	
6795	2829	4956	
1084	5143	3591	
7220	1277	6289	
8924	6196	6123	
2855	3908	4596	
9084	9136	753	
3273	8784	3938	
7381	2570	5698	
532	7009	1085	
2394	3616	4233	
9182	8623	6420	
1747	7323	5802	
502	798	8655	
1237	6210	3295	
7129	9586	8785	
6806	3384	4473	
8935	3567	3797	
9337	5753	5604	
989	3936	7882	
6832	8794	3046	
5729	2367	429	
4259	1624	3474	
2538	6000	4178	
4702	3647	8059	
1610	3172	4130	
676	4277	4379	
4183	3716	4020	
6216	4651	6702	
3768	6496	7056	
9182	8273	2932	
8164	1341	5573	
3563	2176	5223	
4282	9358	7659	
8259	8672	317	
6121	3073	478	
991	4547	9891	
8439	8246	4628	
5490	6472	465	
845	6497	3506	
4827	5637	1262	
5166	5425	3057	
4725	8530	6352	
6268	4191	286	
3068	3523	7895	
9523	5054	272	
4157	8961	2933	
6192	1908	3307	
8989	8499	2662	
8794	2093	6880	
9927	9082	4778	
5186	6198	4069	
3481	8611	6272	
6538	6962	6740	
2623	3210	3840	
5014	2592	6671	
7845	8312	6674	
649	9994	8813	
4522	5846	323	
6905	3876	7868	
1393	6312	5956	
4726	706	139	
8986	1770	4963	
8080	4371	8147	
3749	524	1100	
448	9549	2872	
3170	8952	9718	
9398	8149	5864	
1633	8718	4651	
9418	1004	4025	
8784	7987	9937	
121	9643	3994	
2853	691	9388	
6496	6017	4538	
6850	8688	2845	
105	3273	9333	
5336	8605	9408	
6130	4692	7533	
505	3490	3135	
5927	7673	9261	
9804	4776	3727	
7203	2736	8407	
9282	2840	7128	
3534	5138	5980	
3415	502	9233	
9958	9806	7119	
4827	3964	2180	
9177	303	9474	
2949	1473	8866	
796	4727	3531	
1129	1762	9159	
3513	116	8271	
4098	1573	507	
2149	8064	1857	
5312	914	8618	
2680	9203	8391	
7068	1552	6052	
8234	9014	335	
323	4330	1740	
215	8612	3210	
1582	4992	2575	
4221	3778	9120	
9491	6572	5228	
377	2042	6006	
1247	7119	8536	
9141	9166	1668	
1677	9913	4571	
4594	2954	9699	
6673	6885	8208	
1376	333	8467	
1012	4800	4631	
8232	4622	8418	
1439	3842	1537	
734	5394	2757	
6661	1182	8939	
3740	3136	9706	
3558	5966	899	
8686	2672	3433	
2096	6810	5514	
8893	7306	807	
9868	8647	2517	
2225	9687	4840	
4140	5477	5235	
7682	5809	4824	
2263	5887	1759	
4257	3398	7453	
219	8580	8998	
5530	5033	6188	
5389	5240	1147	
3476	148	9437	
1972	8595	1965	
3817	6155	9522	
4545	1733	9451	
1962	6114	8309	
5607	8655	2975	
409	5275	4419	
4214	1974	2477	
6136	4387	4108	
6834	7958	3239	
275	5998	1445	
6084	8279	1987	
6888	5765	3485	
4954	9062	9802	
6849	7232	3494	
512	2878	151	
2486	2623	840	
2174	5784	5230	
282	6747	7930	
1585	2055	9524	
544	6530	9711	
4397	2721	782	
4256	5739	5402	
3718	4934	4631	
2402	2373	17	
9167	4188	5585	
2657	2422	658	
3467	9105	4379	
805	5473	5037	
4040	4654	6643	
4289	625	1535	
6226	1631	7100	
8987	3908	3724	
5888	9662	5941	
3656	2773	3658	
8007	681	7483	
8208	4938	6867	
1783	2327	6022	
3286	3976	492	
5093	8195	760	
7287	7294	6956	
1822	9909	812	
7160	5536	1879	
6477	6767	6629	
1303	7654	6728	
2952	8306	7444	
7149	1065	2550	
189	1079	4030	
3961	1013	4924	
9047	5731	2589	
2593	9151	3866	
2293	5469	8670	
2184	3554	7597	
1580	5803	123	
3933	7903	4152	
9901	697	6965	
1677	751	3520	
6797	8290	1151	
8482	8928	7051	
363	7062	4541	
813	4348	3547	
6098	5354	8909	
8681	9975	9691	
4697	6146	8308	
3353	4450	858	
3090	9671	5118	
7824	7535	4768	
9772	968	5259	
