(progn
  (merge-baseap appearance {
    face
    -edge
    vect
    -transparent
    evert
    shading flat
    normscale 1
    -normal
    linewidth 1 
    patchdice 10 10
    material {
      shininess 15.000000
      ka 0.300000
      kd 1.000000
      ks 0.300000
      alpha 1.000000
      ambient 1.000000 1.000000 1.000000
      diffuse 1.000000 1.000000 1.000000
      specular 1.000000 1.000000 1.000000
      edgecolor 0.000000 0.000000 0.000000
      normalcolor 1.000000 1.000000 1.000000
    }
    lighting {
      ambient 0.2 0.2 0.2
      localviewer 1
      attenconst 1
      attenmult 0
      replacelights
      light {
        ambient 0.000000 0.000000 0.000000
        color 0.000000 0.966090 0.164706
        position 0.000000 0.000000 10.000000 0.000000
      }
      light {
        ambient 0.000000 0.000000 0.000000
        color 0.600000 0.000000 0.600000
        position 0.000000 1.000000 -1.000000 0.000000
      }
      light {
        ambient 0.000000 0.000000 0.000000
        color 0.400000 0.400000 0.400000
        position 1.000000 -2.000000 -1.000000 0.000000
      }
      light {
        ambient 0.000000 0.000000 0.000000
        color 0.000000 0.000000 1.000000
        position -0.742882 0.663543 -0.088540 0.000000
      }
    }
  }
  ) # end base appearance
(xform-set "worldgeom" transform {
    0.37028393    0.92083216    0.12430713             0
   -0.40707096    0.28111297   -0.86934513             0
    -0.8352598    0.27123952    0.47878057             0
             0             0             0             1

  }
)
  (new-geometry "[g1]"	# testsphere.off
    {
      define "/home/minja/Desktop/3DConvexHullFinal/testsphere.off"
OFF
761 1518 2277

-40 91 14
-23 97 6
-32 94 9
22 10 97
24 21 95
15 5 99
-27 94 19
-79 -31 53
-85 -12 52
-81 -35 48
-54 69 48
-59 65 49
-51 67 55
-93 -16 -33
-92 -19 -35
-94 -25 -25
-62 -38 69
41 -4 91
41 -7 91
48 0 88
-50 -67 -55
-58 -66 -48
-62 -59 -52
-75 19 64
-84 5 54
-71 4 71
48 -80 36
49 -76 43
33 -88 35
-56 -54 63
-38 -53 76
-54 -45 72
-53 76 37
4 13 99
-82 16 55
-37 93 0
-68 -17 71
-3 70 72
-17 47 87
6 60 80
5 -40 -92
-4 -28 -96
1 -27 -96
-44 -44 79
5 75 66
-51 69 -51
-63 56 -53
-67 54 -51
-48 -12 -87
-59 -18 -79
-56 -4 -83
83 51 -21
91 37 -19
89 36 -29
82 49 -28
72 50 -48
69 -60 42
74 -42 52
61 -59 53
-50 86 9
54 -37 76
48 -40 78
54 -44 72
85 2 53
85 -14 51
86 1 51
-18 39 91
-1 42 91
-5 3 -100
-5 7 -100
14 3 -99
8 11 -99
78 63 4
74 66 -11
-53 53 -66
-36 51 -78
-54 44 -72
99 -16 2
97 -25 -1
99 -16 -4
90 -1 43
93 -7 36
35 86 37
46 81 36
42 85 32
37 -92 17
47 -88 4
53 -85 5
38 -92 5
21 -92 34
-72 -47 50
-92 1 39
-31 79 -53
-39 88 -28
-20 87 -46
-95 -31 -9
-94 -31 -16
-88 -45 -14
69 72 12
78 59 20
76 60 25
85 47 23
82 -3 -58
72 12 -68
82 5 -57
69 16 -71
39 60 -70
29 69 -66
46 72 -52
-16 -92 -35
-35 -87 -36
-29 -84 -47
-6 99 -13
-12 99 5
-6 100 7
-92 25 -30
-90 26 -36
-92 10 -39
-50 -23 -83
51 48 -71
55 30 -78
54 28 -80
46 43 -77
-94 -19 -28
96 7 27
93 16 33
-34 61 -71
53 -40 -75
49 -24 -84
58 -32 -75
-46 -60 -66
-56 -59 -58
-59 -41 -69
-98 15 -16
81 -56 18
86 -51 -1
87 -46 16
70 71 -2
52 -71 48
-8 76 64
-19 76 62
-12 85 52
94 -28 -19
-97 -25 7
-94 -25 23
-96 -17 24
8 85 53
-7 89 46
48 -2 88
52 -11 85
53 -4 85
-65 -5 -76
-2 -85 -53
11 -80 -60
14 -89 -44
65 -37 67
-89 -36 -30
90 44 0
87 -43 23
90 -30 33
82 -52 25
89 27 -37
93 20 -30
90 15 -42
-84 46 -31
-88 43 -20
-86 48 -17
60 51 -61
65 49 -58
-5 81 58
0 46 89
75 -15 65
71 -33 62
-23 80 -56
51 77 -38
45 74 -50
13 -96 -25
15 -95 -27
34 -88 -34
29 41 -87
38 28 -88
-85 -17 -50
-78 -30 -55
-86 -25 -45
-20 28 94
-3 13 99
-5 35 93
5 100 -8
4 100 0
20 -17 -96
30 10 95
27 22 94
38 21 90
89 -37 -26
94 -24 -26
28 8 -96
20 20 -96
28 21 -94
-32 86 40
-73 60 31
-74 54 40
-65 70 30
99 6 16
26 80 55
20 89 42
-44 57 69
-53 58 62
5 57 -82
10 50 -86
-6 54 -84
8 37 -93
79 -58 22
57 55 62
62 36 70
76 32 57
66 18 73
53 77 36
-2 -90 -43
-14 -86 -49
97 -7 -24
94 -19 -30
21 98 3
20 57 -80
27 52 -81
69 64 -34
64 70 -32
68 69 -26
64 -32 70
88 -47 -1
94 -34 7
64 69 -34
-35 51 78
-26 59 76
43 -89 -13
47 -87 -15
48 -87 -10
71 -56 -43
58 -69 -43
60 -53 -59
-22 -58 79
-21 -70 69
-13 -67 73
-59 -64 50
-94 -4 -35
-44 -67 -60
-40 -66 -64
-30 -63 72
50 86 13
46 89 1
32 94 14
-63 17 76
-55 10 83
-50 20 84
40 -86 -32
51 -79 -34
48 -86 -18
-100 -2 -1
-99 -10 6
-100 2 8
-45 70 -55
-81 -50 -30
-83 -42 -37
-92 -8 -39
65 -23 -72
79 -28 -54
64 41 -64
-71 24 66
-66 46 60
-76 35 54
6 99 13
22 93 28
22 71 67
64 -77 -4
72 -69 -2
67 -74 9
-52 -77 -38
-45 -80 -40
-45 -86 -26
-31 -93 -21
-13 -91 40
-6 -88 47
-7 -85 53
-76 -53 -38
73 62 -29
-54 -9 84
-53 -29 80
-52 9 -85
-54 8 -84
-56 13 -82
47 -60 65
41 -62 67
43 -64 64
34 -69 64
-17 46 -87
-12 41 -90
-84 -36 41
-76 -49 43
-75 -55 37
38 -79 48
55 -71 -44
93 26 -26
-60 -79 17
-52 -86 2
-41 -90 18
-49 -83 28
-39 -91 17
-32 -87 38
90 -33 28
-34 -57 -75
-44 -46 -78
-24 -51 -83
-40 -41 -82
98 18 12
100 8 -4
-73 -36 -58
-66 -33 -67
39 88 -28
49 86 -12
56 81 -16
64 74 -18
-81 58 -10
-81 58 -9
-78 62 -10
-19 -77 -61
-21 -80 -56
-12 37 -92
-14 -69 71
-29 80 53
-25 83 50
-28 74 61
58 74 -34
-49 -74 46
-44 -76 48
-45 -68 58
-19 -74 65
-16 -76 63
97 25 2
37 -82 -44
27 -82 -50
23 -81 -54
-79 -53 31
-72 -59 36
-81 -56 17
-69 -56 -47
-39 70 60
23 -3 97
15 3 99
15 -12 98
4 -17 98
8 -25 97
1 2 100
-18 -82 54
-16 -79 59
-89 -19 -43
96 23 -14
98 14 -13
-8 -96 28
-21 -97 14
-32 -94 13
-95 -26 -18
-59 -30 75
53 -84 13
63 -75 21
-60 73 33
-58 76 29
95 -30 12
59 17 79
68 0 73
51 6 86
-12 8 -99
-17 19 -97
-9 22 -97
48 -42 -77
40 -37 -84
-61 41 68
-87 -34 37
7 5 100
14 59 -80
-27 -77 58
-53 -62 58
-61 79 -7
68 73 -4
88 21 43
-43 -34 -84
40 4 -92
55 21 -81
55 4 -84
37 -10 -93
79 56 25
-49 -84 -24
-98 -16 9
37 -42 -83
36 87 -35
-16 -38 -91
-36 -40 -84
-35 -31 -88
28 -96 1
92 -9 -38
91 -13 -39
29 1 -96
-1 28 -96
-64 48 -60
-59 40 -70
-74 35 -57
41 -34 85
-69 13 72
-45 -81 38
-53 -77 36
57 -76 32
76 21 61
62 54 57
-14 -17 -98
-8 -31 -95
-16 -27 -95
66 21 -73
-6 -72 -70
4 -71 -70
-28 16 -95
-19 26 -95
65 -21 -73
86 -3 -51
-43 -90 -9
-54 -83 -16
-74 -68 1
-78 -62 -10
61 61 51
70 60 40
64 63 44
26 -53 -81
41 -59 -70
43 -56 -71
50 -55 -67
11 -27 96
-91 -8 40
-80 -2 60
-86 -50 11
-86 -49 16
3 -91 -41
3 -97 -24
21 -98 5
52 -45 -73
58 -30 76
-31 -22 -93
-36 -7 -93
14 40 -91
16 54 83
21 49 85
18 55 82
30 -26 -92
-1 -20 -98
36 -91 -20
83 -24 -51
70 -69 -18
64 -74 -21
-37 -93 8
-8 -100 2
47 85 24
-40 12 91
78 49 39
19 97 -17
20 98 -6
24 97 -5
-65 -2 -76
-73 -2 -69
-5 -96 -27
-70 68 22
100 7 -4
-11 -77 -63
-17 -74 -65
-98 -4 18
29 82 -50
20 80 -57
22 86 -46
31 90 -30
-66 -69 -29
94 30 -15
8 -90 44
19 -80 57
8 -97 25
26 -87 42
33 80 -51
28 -88 39
-78 62 7
-72 69 0
81 -58 5
45 51 -73
-80 6 -60
-69 16 -71
72 62 -31
38 -17 -91
-40 89 24
-32 89 33
-20 68 -71
-7 63 -77
-91 1 -42
-10 -39 92
-17 -52 84
-11 -52 85
-62 -78 9
-73 -11 -68
-30 -83 -48
93 32 19
90 36 24
97 17 18
38 -39 84
34 -29 90
86 38 34
-57 51 -64
13 -42 90
6 -49 87
16 -38 91
76 51 40
98 11 18
58 70 42
35 88 32
-50 3 86
-35 -2 94
21 -12 -97
74 -34 58
-68 61 40
-70 55 46
-18 -17 97
-49 -72 -49
-77 -52 37
63 -70 34
63 -71 32
-24 -21 95
-21 -20 96
-24 -9 97
-92 38 -11
-96 27 -3
8 51 86
94 -34 -6
61 79 3
39 92 -1
-36 4 -93
-22 4 -98
16 74 65
-13 76 -64
-10 80 -59
-4 84 -54
6 80 -60
17 -94 31
-83 -48 29
-80 55 -25
-74 53 -42
29 3 96
12 -54 83
11 -56 82
-82 55 16
-71 69 14
-29 -19 94
9 -71 70
15 -65 75
10 -65 76
87 17 -46
47 26 84
48 20 85
-85 -48 -22
41 -62 -67
52 -72 -46
-25 -67 -70
-27 -77 -58
-24 -4 97
58 -14 -81
-65 76 8
-93 30 -20
70 -9 -71
53 46 71
51 48 71
36 -52 78
45 -55 70
35 78 53
-73 -67 11
-49 -7 -87
70 -66 -27
-31 43 85
87 -33 -38
-23 -94 -24
-96 -16 -22
-9 96 28
1 92 38
-2 -63 -78
-45 -79 42
92 8 -38
96 8 -27
69 20 -70
-91 39 13
90 -42 -11
-63 68 -37
-17 -88 -44
87 31 -39
91 -2 -41
-19 86 -48
-69 72 -8
16 29 -94
28 72 -63
77 -63 -13
98 1 -19
57 -75 -35
-32 -39 87
-76 -60 -24
-73 -62 -28
78 11 62
74 63 -23
84 47 27
84 44 33
-31 -82 48
16 -85 -50
-51 23 -83
-67 65 -35
-60 -80 4
-81 24 -54
-87 27 -42
-81 35 -47
-56 -76 34
-49 7 -87
-80 33 49
-89 30 34
-90 23 37
-91 20 36
-22 -63 -75
27 -72 64
91 41 -3
-94 -35 0
-89 -42 17
-39 -32 87
52 85 -6
13 -48 -87
2 -49 -87
-10 -97 23
-1 -98 18
-42 -89 -19
72 38 -58
20 -64 -75
-2 76 65
-10 -4 99
35 -79 50
9 96 -27
62 -19 77
48 -29 83
-59 54 61
78 -62 2
-46 -89 1
-89 -41 21
48 -78 -40
-60 -4 80
55 9 83
-4 -92 -38
29 -85 -44
-16 90 40
-91 31 -27
-7 -58 -81
92 -14 36
92 -24 30
-93 8 37
31 93 -18
34 90 -28
-90 -37 -24
71 -65 27
6 85 -53
2 -100 -8
-63 78 1
-78 42 -47
-38 -64 -67
-4 -47 88
99 -4 11
99 -10 7
100 -5 -7
12 17 -98
60 -74 -31
46 72 52
44 76 48
-33 -67 67
-74 42 52
74 -37 56
31 46 -83
81 13 58
50 36 79
50 33 80
-31 37 -88
-30 24 -92
-90 -43 2
60 -79 -12
36 66 66
95 31 8
-66 70 -27
-98 18 4
-24 73 -64
-8 98 -21
39 92 -9
-54 73 -42
-53 73 -43
-66 62 42
28 -33 90
-39 36 -85
71 -46 -53
13 -99 10
34 -21 92
50 -66 -55
-65 -67 -35
-7 -40 -91
25 52 82
24 67 70
-81 -13 57
50 -60 63
56 17 81
-81 23 54
-11 -76 64
-83 -54 -17
-51 47 72
35 18 -92
29 -38 -88
-18 -97 -16
26 -96 -13
-97 2 -23
-19 -89 42
31 91 27
97 -18 16
56 67 -48
15 91 40
84 -6 -54
21 -44 -87
66 0 -75
57 66 49
-8 4 -100
-19 16 97
-57 -22 -79
-44 9 -89
-30 69 -66
65 -73 22
-21 67 71
7 65 -76
-3 69 -72
46 -30 84
65 2 -76
62 59 52
-4 -99 -13
-26 49 83
78 -15 61
80 -13 59
33 -65 68
-29 -81 -52
3 97 23
39 -61 -69
-10 72 -69
-18 96 -21
77 -56 32
79 55 28
-40 90 -15
65 72 25
4 -75 66
-77 29 -57
3 -10 -99
17 25 95
65 71 28
19 -39 -90
-21 -82 53
5 40 92
-99 10 10
54 -84 -9

3	 0 1 2
3	 3 4 5
3	 1 0 6
3	 7 8 9
3	 10 11 12
3	 13 14 15
3	 7 9 16
3	 17 18 19
3	 20 21 22
3	 23 24 25
3	 26 27 28
3	 29 30 31
3	 16 29 31
3	 11 10 32
3	 10 12 32
3	 5 4 33
3	 24 23 34
3	 2 1 35
3	 0 2 35
3	 7 16 36
3	 37 38 39
3	 40 41 42
3	 31 30 43
3	 37 39 44
3	 45 46 47
3	 48 49 50
3	 51 52 53
3	 54 51 53
3	 55 54 53
3	 56 57 58
3	 0 35 59
3	 60 61 62
3	 63 64 65
3	 38 66 67
3	 68 69 70
3	 69 71 70
3	 72 51 73
3	 46 45 74
3	 47 46 74
3	 75 76 74
3	 77 78 79
3	 63 65 80
3	 64 81 80
3	 65 64 80
3	 82 83 84
3	 26 28 85
3	 86 87 85
3	 88 86 85
3	 85 28 89
3	 29 16 90
3	 16 9 90
3	 8 24 91
3	 92 93 94
3	 95 96 97
3	 72 98 99
3	 98 100 99
3	 101 72 99
3	 102 103 104
3	 103 105 104
3	 106 107 108
3	 109 110 111
3	 112 1 113
3	 1 114 113
3	 114 112 113
3	 115 116 117
3	 49 48 118
3	 119 120 121
3	 122 119 121
3	 13 15 123
3	 80 81 124
3	 125 80 124
3	 75 74 126
3	 127 128 129
3	 130 20 131
3	 20 22 131
3	 22 132 131
3	 132 130 131
3	 115 117 133
3	 134 135 136
3	 98 72 137
3	 56 58 138
3	 37 139 140
3	 139 141 140
3	 79 78 142
3	 143 144 145
3	 141 146 147
3	 19 18 148
3	 18 149 148
3	 149 150 148
3	 150 19 148
3	 50 49 151
3	 152 153 154
3	 60 62 155
3	 58 57 155
3	 96 15 156
3	 15 14 156
3	 52 51 157
3	 51 72 157
3	 72 101 157
3	 158 159 160
3	 134 136 160
3	 136 158 160
3	 161 162 163
3	 102 104 163
3	 164 165 166
3	 119 106 167
3	 168 119 167
3	 106 108 167
3	 146 141 169
3	 39 38 170
3	 38 67 170
3	 171 155 172
3	 92 94 173
3	 174 108 175
3	 176 154 177
3	 154 178 177
3	 122 121 179
3	 121 180 179
3	 181 182 183
3	 184 185 186
3	 66 184 186
3	 112 114 187
3	 114 188 187
3	 40 42 189
3	 4 3 190
3	 191 4 190
3	 192 191 190
3	 142 193 194
3	 79 142 194
3	 195 196 197
3	 179 180 197
3	 32 12 198
3	 199 200 201
3	 124 81 202
3	 146 203 204
3	 205 12 206
3	 207 208 209
3	 208 210 209
3	 134 160 211
3	 212 213 214
3	 213 215 214
3	 84 83 216
3	 152 217 218
3	 79 194 219
3	 194 220 219
3	 187 188 221
3	 107 106 222
3	 106 223 222
3	 223 179 222
3	 224 225 226
3	 155 171 227
3	 135 228 229
3	 136 135 229
3	 225 224 230
3	 205 231 232
3	 233 234 235
3	 87 86 235
3	 86 88 235
3	 88 233 235
3	 236 237 238
3	 239 240 241
3	 29 90 242
3	 14 13 243
3	 13 123 243
3	 20 130 244
3	 130 245 244
3	 239 30 246
3	 240 239 246
3	 247 248 249
3	 250 251 252
3	 253 254 255
3	 95 143 256
3	 143 257 256
3	 257 258 256
3	 258 133 256
3	 74 45 259
3	 260 156 261
3	 156 183 261
3	 183 182 261
3	 14 243 262
3	 129 263 264
3	 120 119 265
3	 119 168 265
3	 121 120 265
3	 23 266 267
3	 268 23 267
3	 188 114 269
3	 221 188 269
3	 270 249 269
3	 249 221 269
3	 44 39 271
3	 272 273 274
3	 87 272 274
3	 275 276 277
3	 276 110 277
3	 110 278 277
3	 279 280 281
3	 260 261 282
3	 51 54 283
3	 54 55 283
3	 224 226 283
3	 284 36 285
3	 31 43 285
3	 286 287 288
3	 289 290 291
3	 290 292 291
3	 293 209 294
3	 9 295 296
3	 90 9 296
3	 297 242 296
3	 242 90 296
3	 28 27 298
3	 27 138 298
3	 138 291 298
3	 291 292 298
3	 238 237 299
3	 162 161 300
3	 161 53 300
3	 53 52 300
3	 301 302 303
3	 304 301 303
3	 305 306 303
3	 306 304 303
3	 159 158 307
3	 308 130 309
3	 130 132 309
3	 310 308 309
3	 311 310 309
3	 312 202 313
3	 261 182 314
3	 315 132 314
3	 182 315 314
3	 316 317 318
3	 319 226 318
3	 320 321 322
3	 323 218 324
3	 209 210 325
3	 294 209 325
3	 293 294 325
3	 241 240 326
3	 140 141 327
3	 141 328 327
3	 328 198 327
3	 198 12 327
3	 329 140 327
3	 225 230 330
3	 174 316 330
3	 316 318 330
3	 226 225 330
3	 318 226 330
3	 331 332 333
3	 242 331 333
3	 334 281 335
3	 312 313 336
3	 253 178 337
3	 338 339 337
3	 297 340 341
3	 340 342 341
3	 242 297 341
3	 22 21 343
3	 282 261 343
3	 261 314 343
3	 132 22 343
3	 314 132 343
3	 12 205 344
3	 205 232 344
3	 329 327 344
3	 327 12 344
3	 345 346 347
3	 348 349 347
3	 350 348 347
3	 351 281 352
3	 281 334 352
3	 181 183 353
3	 156 14 353
3	 183 156 353
3	 14 262 353
3	 300 354 355
3	 354 336 355
3	 336 313 355
3	 356 306 357
3	 306 305 357
3	 305 358 357
3	 15 96 359
3	 96 95 359
3	 95 256 359
3	 16 31 360
3	 31 285 360
3	 36 16 360
3	 285 36 360
3	 26 85 361
3	 85 87 361
3	 87 274 361
3	 274 362 361
3	 11 32 363
3	 201 11 363
3	 32 364 363
3	 364 201 363
3	 78 77 365
3	 229 78 365
3	 158 136 365
3	 136 229 365
3	 307 158 365
3	 159 307 365
3	 215 213 366
3	 367 215 366
3	 192 190 368
3	 190 19 368
3	 19 150 368
3	 69 369 370
3	 371 69 370
3	 127 372 373
3	 128 127 373
3	 266 250 374
3	 267 266 374
3	 250 252 374
3	 9 8 375
3	 295 9 375
3	 145 144 375
3	 296 295 375
3	 5 33 376
3	 33 185 376
3	 185 350 376
3	 346 5 376
3	 350 347 376
3	 347 346 376
3	 208 207 377
3	 222 208 377
3	 107 222 377
3	 334 240 378
3	 333 332 378
3	 352 334 378
3	 30 29 379
3	 29 242 379
3	 242 333 379
3	 59 35 380
3	 72 73 381
3	 137 72 381
3	 73 226 381
3	 226 319 381
3	 319 318 381
3	 98 137 381
3	 63 80 382
3	 80 125 382
3	 49 118 383
3	 311 309 383
3	 118 48 383
3	 384 385 386
3	 387 384 386
3	 101 99 388
3	 99 100 388
3	 275 277 389
3	 257 143 390
3	 143 145 390
3	 145 258 390
3	 258 257 390
3	 373 372 391
3	 316 174 392
3	 174 175 392
3	 393 310 394
3	 310 311 394
3	 311 383 394
3	 383 395 394
3	 233 88 396
3	 88 85 396
3	 219 220 397
3	 220 398 397
3	 195 384 399
3	 384 387 399
3	 70 195 399
3	 69 371 400
3	 325 210 400
3	 47 74 401
3	 402 403 401
3	 76 402 401
3	 61 60 404
3	 23 25 405
3	 250 266 405
3	 266 23 405
3	 251 250 405
3	 304 306 406
3	 407 304 406
3	 27 26 408
3	 138 27 408
3	 26 361 408
3	 361 362 408
3	 214 215 409
3	 212 214 410
3	 411 41 412
3	 413 411 412
3	 41 40 412
3	 393 413 412
3	 385 121 414
3	 121 265 414
3	 386 385 414
3	 153 152 415
3	 416 153 415
3	 370 417 418
3	 371 370 418
3	 325 400 418
3	 400 371 418
3	 263 129 419
3	 264 263 419
3	 102 163 420
3	 397 398 420
3	 421 302 422
3	 389 277 422
3	 423 424 422
3	 275 389 422
3	 425 426 427
3	 428 391 429
3	 391 430 429
3	 430 431 429
3	 347 349 432
3	 8 91 433
3	 91 145 433
3	 145 375 433
3	 375 8 433
3	 24 8 434
3	 25 24 434
3	 36 25 434
3	 423 342 435
3	 342 436 435
3	 424 423 435
3	 217 152 437
3	 152 154 437
3	 154 176 437
3	 176 438 437
3	 396 85 439
3	 372 127 440
3	 127 129 440
3	 430 391 440
3	 391 372 440
3	 431 430 440
3	 238 431 440
3	 60 155 441
3	 155 227 441
3	 413 393 442
3	 411 413 442
3	 48 443 442
3	 383 48 442
3	 395 383 442
3	 393 394 442
3	 394 395 442
3	 210 208 444
3	 197 196 444
3	 179 197 444
3	 208 222 444
3	 222 179 444
3	 445 446 447
3	 271 39 447
3	 39 445 447
3	 40 189 448
3	 128 373 448
3	 42 41 449
3	 41 411 449
3	 189 42 449
3	 234 233 450
3	 255 234 450
3	 178 253 450
3	 253 255 450
3	 398 220 451
3	 264 419 451
3	 452 272 453
3	 305 303 454
3	 303 302 454
3	 358 305 454
3	 421 278 454
3	 357 358 454
3	 455 357 454
3	 84 216 456
3	 247 249 456
3	 252 251 457
3	 410 214 458
3	 459 187 460
3	 461 459 460
3	 187 221 460
3	 221 461 460
3	 50 151 462
3	 287 50 462
3	 151 463 462
3	 288 287 462
3	 437 438 464
3	 199 201 465
3	 313 202 466
3	 152 218 467
3	 218 323 467
3	 323 468 467
3	 468 415 467
3	 415 152 467
3	 258 145 469
3	 470 471 472
3	 473 392 472
3	 392 470 472
3	 422 424 474
3	 275 422 474
3	 354 300 475
3	 300 52 475
3	 336 354 475
3	 279 356 476
3	 280 279 476
3	 477 281 476
3	 356 478 476
3	 479 477 476
3	 89 479 476
3	 281 280 476
3	 108 107 480
3	 175 108 480
3	 471 470 480
3	 470 392 480
3	 392 175 480
3	 479 89 481
3	 89 28 481
3	 28 298 481
3	 322 321 482
3	 483 322 482
3	 135 134 484
3	 134 211 484
3	 106 119 485
3	 119 122 485
3	 122 179 485
3	 223 106 485
3	 463 486 487
3	 288 462 487
3	 462 463 487
3	 55 224 488
3	 224 283 488
3	 283 55 488
3	 387 128 489
3	 128 448 489
3	 448 387 489
3	 6 0 490
3	 491 6 490
3	 32 198 490
3	 198 491 490
3	 364 32 490
3	 0 59 490
3	 59 364 490
3	 75 126 492
3	 293 75 492
3	 209 293 492
3	 493 209 492
3	 117 486 494
3	 243 117 494
3	 486 181 494
3	 262 243 494
3	 181 353 494
3	 353 262 494
3	 495 496 497
3	 496 239 497
3	 239 241 497
3	 301 423 498
3	 181 486 499
3	 486 463 499
3	 182 181 499
3	 151 49 499
3	 463 151 499
3	 315 182 499
3	 49 315 499
3	 110 276 500
3	 111 110 500
3	 157 101 501
3	 101 502 501
3	 503 312 501
3	 125 503 501
3	 61 404 504
3	 404 505 504
3	 214 382 506
3	 501 502 506
3	 382 125 506
3	 125 501 506
3	 74 76 507
3	 76 401 507
3	 401 74 507
3	 349 495 508
3	 495 509 508
3	 432 349 508
3	 510 432 508
3	 426 410 511
3	 410 458 511
3	 458 426 511
3	 202 312 512
3	 312 503 512
3	 125 124 512
3	 503 125 512
3	 124 202 512
3	 427 426 513
3	 425 427 513
3	 204 82 514
3	 82 84 514
3	 84 456 514
3	 456 249 514
3	 251 284 515
3	 457 251 515
3	 284 516 515
3	 516 457 515
3	 399 387 517
3	 70 399 517
3	 448 189 517
3	 387 448 517
3	 189 449 517
3	 159 64 518
3	 171 172 518
3	 172 155 518
3	 201 200 519
3	 200 520 519
3	 349 348 521
3	 21 20 522
3	 275 21 522
3	 276 275 522
3	 20 244 522
3	 340 297 523
3	 297 296 523
3	 56 138 524
3	 525 56 524
3	 138 408 524
3	 408 525 524
3	 526 495 527
3	 495 349 527
3	 349 521 527
3	 521 528 527
3	 321 320 529
3	 320 166 529
3	 133 530 529
3	 166 165 529
3	 39 170 531
3	 445 39 531
3	 446 445 531
3	 142 78 532
3	 78 229 532
3	 229 228 532
3	 247 98 533
3	 248 247 533
3	 98 381 533
3	 381 318 533
3	 249 248 534
3	 461 221 534
3	 221 249 534
3	 443 535 536
3	 535 417 536
3	 417 370 536
3	 370 369 536
3	 411 442 536
3	 442 443 536
3	 203 146 537
3	 146 44 537
3	 44 271 537
3	 271 203 537
3	 538 173 539
3	 540 541 539
3	 541 538 539
3	 85 89 542
3	 89 476 542
3	 476 478 542
3	 436 342 543
3	 342 340 543
3	 296 375 543
3	 523 296 543
3	 340 523 543
3	 164 166 544
3	 166 320 544
3	 545 164 544
3	 320 322 544
3	 17 19 546
3	 19 190 546
3	 18 17 546
3	 3 5 546
3	 190 3 546
3	 5 346 546
3	 346 345 546
3	 547 508 548
3	 508 509 548
3	 200 199 549
3	 199 465 549
3	 482 321 549
3	 465 550 549
3	 550 482 549
3	 516 284 551
3	 528 516 551
3	 526 527 551
3	 527 528 551
3	 552 553 554
3	 497 241 554
3	 509 497 554
3	 548 509 554
3	 553 548 554
3	 163 104 555
3	 556 192 557
3	 192 368 557
3	 156 260 558
3	 337 339 559
3	 560 337 559
3	 429 431 559
3	 468 323 561
3	 323 562 561
3	 562 245 561
3	 516 528 563
3	 129 128 564
3	 128 387 564
3	 387 386 564
3	 419 129 564
3	 201 364 565
3	 465 201 565
3	 364 59 565
3	 550 465 565
3	 483 482 565
3	 482 550 565
3	 115 133 566
3	 133 529 566
3	 529 165 566
3	 102 451 567
3	 451 419 567
3	 419 564 567
3	 213 212 568
3	 212 569 568
3	 62 61 570
3	 571 62 570
3	 289 571 570
3	 290 289 570
3	 61 504 570
3	 508 547 570
3	 504 508 570
3	 548 553 570
3	 547 548 570
3	 83 82 572
3	 82 204 572
3	 204 203 572
3	 203 271 572
3	 423 301 573
3	 342 423 573
3	 301 341 573
3	 341 342 573
3	 443 48 574
3	 48 50 574
3	 535 443 574
3	 452 453 575
3	 66 38 576
3	 184 66 576
3	 252 457 576
3	 457 184 576
3	 220 194 577
3	 194 193 577
3	 193 236 577
3	 451 220 577
3	 278 110 578
3	 110 109 578
3	 109 464 578
3	 123 15 579
3	 243 123 579
3	 15 359 579
3	 359 256 579
3	 1 6 580
3	 114 1 580
3	 6 491 580
3	 269 114 580
3	 147 581 580
3	 416 415 582
3	 406 306 583
3	 332 331 583
3	 331 407 583
3	 407 406 583
3	 584 163 585
3	 163 162 585
3	 162 300 585
3	 300 355 585
3	 104 105 586
3	 555 104 586
3	 105 414 586
3	 529 530 587
3	 321 529 587
3	 549 321 587
3	 228 135 588
3	 532 228 588
3	 193 142 588
3	 142 532 588
3	 47 545 589
3	 218 217 590
3	 109 111 590
3	 111 218 590
3	 55 53 591
3	 53 161 591
3	 161 163 591
3	 163 555 591
3	 163 584 592
3	 420 163 592
3	 397 420 592
3	 219 397 592
3	 585 219 592
3	 584 585 592
3	 94 540 593
3	 540 539 593
3	 173 94 593
3	 539 173 593
3	 322 483 594
3	 483 565 594
3	 196 210 595
3	 210 444 595
3	 444 196 595
3	 107 471 596
3	 471 480 596
3	 480 107 596
3	 273 272 597
3	 272 452 597
3	 135 484 597
3	 452 575 597
3	 236 193 597
3	 575 236 597
3	 588 135 597
3	 193 588 597
3	 355 313 598
3	 585 355 598
3	 219 585 598
3	 560 299 599
3	 299 237 599
3	 255 254 599
3	 453 255 599
3	 237 236 599
3	 236 575 599
3	 495 526 600
3	 30 239 600
3	 43 30 600
3	 239 496 600
3	 496 495 600
3	 601 282 602
3	 282 343 602
3	 424 601 602
3	 474 424 602
3	 367 171 603
3	 215 367 603
3	 409 215 603
3	 73 51 604
3	 51 283 604
3	 226 73 604
3	 283 226 604
3	 101 605 606
3	 502 101 606
3	 458 214 606
3	 214 506 606
3	 506 502 606
3	 378 332 607
3	 332 583 607
3	 583 306 607
3	 153 339 608
3	 339 154 608
3	 154 153 608
3	 402 76 609
3	 286 288 609
3	 288 487 609
3	 487 402 609
3	 545 544 610
3	 589 545 610
3	 423 422 611
3	 422 302 611
3	 498 423 611
3	 302 301 611
3	 301 498 611
3	 486 117 612
3	 487 486 612
3	 116 164 613
3	 117 116 613
3	 612 117 613
3	 614 612 613
3	 331 242 615
3	 407 331 615
3	 301 304 615
3	 304 407 615
3	 341 301 615
3	 242 341 615
3	 535 574 616
3	 50 287 616
3	 574 50 616
3	 287 286 616
3	 286 609 616
3	 617 200 618
3	 619 617 618
3	 620 619 618
3	 200 549 618
3	 549 587 618
3	 308 310 621
3	 415 468 621
3	 468 561 621
3	 582 415 621
3	 292 553 622
3	 553 552 622
3	 552 477 622
3	 52 157 623
3	 475 52 623
3	 157 336 623
3	 336 475 623
3	 143 95 624
3	 95 97 624
3	 435 436 624
3	 436 625 624
3	 284 285 626
3	 551 284 626
3	 285 43 626
3	 43 600 626
3	 526 551 626
3	 600 526 626
3	 318 317 627
3	 248 533 627
3	 533 318 627
3	 40 628 629
3	 628 582 629
3	 356 357 630
3	 357 455 630
3	 478 356 630
3	 631 478 630
3	 455 631 630
3	 278 421 632
3	 277 278 632
3	 421 422 632
3	 422 277 632
3	 168 55 633
3	 265 168 633
3	 414 265 633
3	 586 414 633
3	 555 586 633
3	 591 555 633
3	 55 591 633
3	 153 416 634
3	 428 429 634
3	 339 153 634
3	 559 339 634
3	 416 582 634
3	 628 428 634
3	 582 628 634
3	 139 37 635
3	 37 44 635
3	 141 139 635
3	 169 141 635
3	 44 146 635
3	 146 169 635
3	 348 350 636
3	 521 348 636
3	 528 521 636
3	 563 528 636
3	 477 479 637
3	 479 481 637
3	 481 298 637
3	 622 477 637
3	 298 292 637
3	 292 622 637
3	 187 459 638
3	 473 472 638
3	 171 367 639
3	 367 150 639
3	 150 149 639
3	 227 171 639
3	 640 441 639
3	 441 227 639
3	 12 11 641
3	 206 12 641
3	 205 206 641
3	 267 374 641
3	 11 520 641
3	 520 267 641
3	 274 273 642
3	 211 274 642
3	 484 211 642
3	 273 597 642
3	 597 484 642
3	 302 421 643
3	 421 454 643
3	 454 302 643
3	 144 143 644
3	 375 144 644
3	 436 543 644
3	 625 436 644
3	 543 375 644
3	 143 624 644
3	 624 625 644
3	 254 253 645
3	 253 337 645
3	 599 254 645
3	 337 560 645
3	 560 599 645
3	 25 36 646
3	 36 284 646
3	 284 251 646
3	 251 405 646
3	 405 25 646
3	 150 367 647
3	 367 366 647
3	 368 150 647
3	 464 109 648
3	 217 437 648
3	 437 464 648
3	 109 590 648
3	 590 217 648
3	 178 154 649
3	 154 339 649
3	 339 338 649
3	 337 178 649
3	 338 337 649
3	 141 147 650
3	 328 141 650
3	 491 198 650
3	 198 328 650
3	 580 491 650
3	 147 580 650
3	 164 116 651
3	 116 115 651
3	 115 566 651
3	 165 164 651
3	 566 165 651
3	 582 621 652
3	 621 310 652
3	 310 629 652
3	 629 582 652
3	 64 159 653
3	 81 64 653
3	 159 654 653
3	 24 34 655
3	 91 24 655
3	 34 619 655
3	 619 620 655
3	 145 91 655
3	 469 145 655
3	 258 469 655
3	 459 656 657
3	 316 392 657
3	 392 473 657
3	 473 638 657
3	 638 459 657
3	 97 96 658
3	 96 156 658
3	 156 558 658
3	 558 97 658
3	 56 525 659
3	 541 540 660
3	 471 541 660
3	 472 471 660
3	 540 94 660
3	 638 472 660
3	 438 176 661
3	 59 380 662
3	 565 59 662
3	 380 594 662
3	 594 565 662
3	 545 47 663
3	 47 401 663
3	 401 403 663
3	 164 545 663
3	 614 613 663
3	 613 164 663
3	 130 308 664
3	 245 130 664
3	 561 245 664
3	 308 621 664
3	 621 561 664
3	 509 495 665
3	 495 497 665
3	 497 509 665
3	 666 667 668
3	 667 77 668
3	 77 79 668
3	 202 666 668
3	 466 202 668
3	 79 219 668
3	 219 598 668
3	 313 466 668
3	 598 313 668
3	 196 195 669
3	 195 70 669
3	 70 71 669
3	 210 196 669
3	 400 210 669
3	 71 69 669
3	 69 400 669
3	 575 453 670
3	 453 599 670
3	 599 575 670
3	 671 513 672
3	 513 216 672
3	 572 671 672
3	 216 83 672
3	 83 572 672
3	 246 30 673
3	 30 379 673
3	 379 333 673
3	 240 246 673
3	 378 240 673
3	 333 378 673
3	 200 617 674
3	 520 200 674
3	 617 268 674
3	 268 267 674
3	 267 520 674
3	 57 159 675
3	 159 518 675
3	 155 57 675
3	 518 155 675
3	 179 223 676
3	 223 485 676
3	 485 179 676
3	 63 382 677
3	 603 63 677
3	 382 214 677
3	 214 409 677
3	 409 603 677
3	 446 191 678
3	 191 192 678
3	 192 556 678
3	 556 679 678
3	 679 366 678
3	 366 213 678
3	 213 568 678
3	 568 569 678
3	 293 325 680
3	 325 418 680
3	 418 417 680
3	 417 681 680
3	 75 293 680
3	 435 624 682
3	 624 97 682
3	 453 272 683
3	 212 671 684
3	 569 212 684
3	 671 572 684
3	 572 271 684
3	 336 157 685
3	 157 501 685
3	 312 336 685
3	 501 312 685
3	 380 93 686
3	 544 322 686
3	 322 594 686
3	 610 544 686
3	 594 380 686
3	 589 610 686
3	 133 258 687
3	 530 133 687
3	 587 530 687
3	 173 538 688
3	 538 492 688
3	 112 187 689
3	 187 638 689
3	 638 660 689
3	 660 94 689
3	 656 459 690
3	 459 461 690
3	 317 316 690
3	 461 534 690
3	 534 248 690
3	 248 627 690
3	 627 317 690
3	 316 657 690
3	 657 656 690
3	 45 47 691
3	 47 589 691
3	 589 686 691
3	 686 93 691
3	 93 92 692
3	 691 93 692
3	 92 259 692
3	 259 45 692
3	 45 691 692
3	 11 201 693
3	 201 519 693
3	 520 11 693
3	 519 520 693
3	 505 432 694
3	 432 510 694
3	 510 508 694
3	 504 505 694
3	 508 504 694
3	 76 75 695
3	 681 417 695
3	 417 609 695
3	 609 76 695
3	 75 680 695
3	 680 681 695
3	 236 238 696
3	 129 264 696
3	 238 440 696
3	 440 129 696
3	 577 236 696
3	 264 451 696
3	 451 577 696
3	 542 478 697
3	 439 85 697
3	 85 542 697
3	 478 631 697
3	 631 455 697
3	 455 661 697
3	 661 439 697
3	 149 18 698
3	 345 347 698
3	 347 432 698
3	 432 505 698
3	 18 546 698
3	 546 345 698
3	 238 299 699
3	 299 560 699
3	 431 238 699
3	 560 559 699
3	 559 431 699
3	 21 275 700
3	 275 474 700
3	 343 21 700
3	 474 602 700
3	 602 343 700
3	 393 412 701
3	 412 40 701
3	 310 393 701
3	 629 310 701
3	 40 629 701
3	 446 678 702
3	 678 569 702
3	 447 446 702
3	 569 684 702
3	 271 447 703
3	 447 702 703
3	 684 271 703
3	 702 684 703
3	 8 7 704
3	 7 36 704
3	 36 434 704
3	 434 8 704
3	 571 289 705
3	 62 571 705
3	 138 58 705
3	 58 155 705
3	 155 62 705
3	 289 291 705
3	 291 138 705
3	 679 556 706
3	 366 679 706
3	 556 557 706
3	 557 368 706
3	 368 647 706
3	 647 366 706
3	 34 23 707
3	 23 268 707
3	 268 617 707
3	 617 619 707
3	 619 34 707
3	 240 334 708
3	 326 240 708
3	 334 335 708
3	 335 281 708
3	 260 282 709
3	 282 601 709
3	 97 558 709
3	 558 260 709
3	 601 424 709
3	 682 97 709
3	 424 435 709
3	 435 682 709
3	 231 205 710
3	 576 231 710
3	 374 252 710
3	 252 576 710
3	 205 641 710
3	 641 374 710
3	 385 384 711
3	 180 121 711
3	 121 385 711
3	 197 180 711
3	 384 195 711
3	 195 197 711
3	 373 391 712
3	 448 373 712
3	 391 428 712
3	 455 454 713
3	 454 278 713
3	 278 578 713
3	 578 464 713
3	 176 177 714
3	 177 178 714
3	 178 450 714
3	 396 439 714
3	 233 396 714
3	 450 233 714
3	 661 176 714
3	 439 661 714
3	 133 117 715
3	 117 243 715
3	 243 579 715
3	 256 133 715
3	 579 256 715
3	 356 279 716
3	 306 356 716
3	 279 281 716
3	 607 306 716
3	 204 514 717
3	 249 270 717
3	 514 249 717
3	 77 667 718
3	 667 666 718
3	 666 202 718
3	 202 81 718
3	 654 159 718
3	 159 365 718
3	 365 77 718
3	 653 654 718
3	 81 653 718
3	 168 167 719
3	 167 108 719
3	 224 55 719
3	 230 224 719
3	 55 168 719
3	 108 174 719
3	 174 330 719
3	 330 230 719
3	 147 146 720
3	 146 204 720
3	 581 147 720
3	 580 581 720
3	 204 717 720
3	 717 270 720
3	 102 420 721
3	 451 102 721
3	 420 398 721
3	 398 451 721
3	 428 628 722
3	 628 712 722
3	 712 428 722
3	 102 567 723
3	 671 212 724
3	 212 425 724
3	 425 513 724
3	 513 671 724
3	 369 69 725
3	 536 369 725
3	 69 68 725
3	 68 411 725
3	 411 536 725
3	 185 184 726
3	 184 457 726
3	 457 516 726
3	 516 563 726
3	 350 185 726
3	 636 350 726
3	 563 636 726
3	 132 315 727
3	 315 49 727
3	 49 383 727
3	 309 132 727
3	 383 309 727
3	 417 535 728
3	 535 616 728
3	 609 417 728
3	 616 609 728
3	 126 74 729
3	 74 259 729
3	 259 92 729
3	 492 126 729
3	 92 173 729
3	 173 688 729
3	 688 492 729
3	 362 274 730
3	 274 211 730
3	 525 408 730
3	 408 362 730
3	 659 525 730
3	 211 659 730
3	 38 37 731
3	 232 38 731
3	 37 140 731
3	 140 329 731
3	 329 344 731
3	 344 232 731
3	 207 209 732
3	 209 493 732
3	 471 107 732
3	 107 377 732
3	 541 471 732
3	 493 733 732
3	 377 207 732
3	 404 60 734
3	 505 404 734
3	 60 441 734
3	 441 640 734
3	 640 639 734
3	 639 149 734
3	 149 698 734
3	 698 505 734
3	 386 414 735
3	 414 105 735
3	 103 102 735
3	 102 723 735
3	 105 103 735
3	 564 386 735
3	 567 564 735
3	 723 567 735
3	 425 212 736
3	 212 410 736
3	 426 425 736
3	 410 426 736
3	 464 438 737
3	 438 661 737
3	 713 464 737
3	 661 455 737
3	 455 713 737
3	 38 232 738
3	 576 38 738
3	 232 231 738
3	 231 576 738
3	 171 518 739
3	 63 603 740
3	 603 171 740
3	 64 63 740
3	 171 739 740
3	 518 64 740
3	 739 518 740
3	 553 292 741
3	 570 553 741
3	 292 290 741
3	 290 570 741
3	 245 562 742
3	 244 245 742
3	 562 323 742
3	 323 324 742
3	 218 111 742
3	 324 218 742
3	 111 500 742
3	 522 244 742
3	 500 276 742
3	 276 522 742
3	 270 269 743
3	 720 270 743
3	 269 580 743
3	 580 720 743
3	 429 559 744
3	 559 634 744
3	 634 429 744
3	 538 541 745
3	 493 492 745
3	 733 493 745
3	 492 538 745
3	 541 732 745
3	 732 733 745
3	 1 112 746
3	 112 689 746
3	 35 1 746
3	 94 93 746
3	 689 94 746
3	 57 56 747
3	 159 57 747
3	 160 159 747
3	 211 160 747
3	 56 659 747
3	 659 211 747
3	 605 101 748
3	 101 388 748
3	 100 426 748
3	 388 100 748
3	 426 458 748
3	 606 605 748
3	 458 606 748
3	 93 380 749
3	 380 35 749
3	 35 746 749
3	 746 93 749
3	 98 247 750
3	 247 456 750
3	 456 216 750
3	 281 477 751
3	 477 552 751
3	 241 326 751
3	 554 241 751
3	 552 554 751
3	 326 708 751
3	 708 281 751
3	 403 402 752
3	 402 487 752
3	 487 612 752
3	 663 403 752
3	 612 614 752
3	 614 663 752
3	 411 68 753
3	 449 411 753
3	 68 70 753
3	 70 517 753
3	 517 449 753
3	 33 4 754
3	 4 191 754
3	 100 98 755
3	 98 750 755
3	 426 100 755
3	 216 513 755
3	 750 216 755
3	 513 426 755
3	 40 448 756
3	 448 712 756
3	 628 40 756
3	 712 628 756
3	 351 352 757
3	 352 378 757
3	 378 607 757
3	 281 351 757
3	 716 281 757
3	 607 716 757
3	 185 33 758
3	 186 185 758
3	 67 66 758
3	 66 186 758
3	 446 531 758
3	 170 67 758
3	 531 170 758
3	 33 754 758
3	 191 446 758
3	 754 191 758
3	 620 618 759
3	 618 587 759
3	 587 687 759
3	 258 655 759
3	 687 258 759
3	 655 620 759
3	 235 234 760
3	 234 255 760
3	 272 87 760
3	 683 272 760
3	 87 235 760
3	 255 453 760
3	 453 683 760
    }
  ) # end geometry "[g1]" testsphere.off
  (bbox-draw "[g1]" on)
  (bbox-color "[g1]" 0.000000 0.000000 0.000000)
  (normalization "[g1]" each)
  (name-object "[g1]" "testsphere.off")

  (window default { position 1047 1679 447 939 })
  (camera "Camera" camera {
    camtoworld transform {
     0.9178763  -0.068503998   -0.39088455             0
    -0.3018609   -0.75997823   -0.57564163             0
   -0.25772828    0.64635819   -0.71817875             0
   -0.43006653     1.8983858    -2.2378423             1

    }
    perspective 1  stereo 0
    fov 36.1766
    frameaspect 1.28398
    focus 3
    near 0.07
    far 100
    bgcolor 0.333333 0.333333 0.333333 0
  }
  ) # camera "Camera" ...
  (backcolor "Camera" 0.333333 0.333333 0.333333)
  (window "Camera" window { size 633 493 position 1047 1679 447 939 resize curpos 1047 1679 447 939 viewport 0 632 0 492 }
  )
  # end camera Camera

  (ui-target "World")
)
